time,hip_angle_l,hip_angle_l_velocity,hip_angle_l_velocity_filt,knee_angle_l,knee_angle_l_velocity,knee_angle_l_velocity_filt,hip_angle_r,hip_angle_r_velocity,hip_angle_r_velocity_filt,knee_angle_r,knee_angle_r_velocity,knee_angle_r_velocity_filt,thigh_imu_l_accel_x,thigh_imu_l_accel_y,thigh_imu_l_accel_z,thigh_imu_l_gyro_x,thigh_imu_l_gyro_y,thigh_imu_l_gyro_z,shank_imu_l_accel_x,shank_imu_l_accel_y,shank_imu_l_accel_z,shank_imu_l_gyro_x,shank_imu_l_gyro_y,shank_imu_l_gyro_z,foot_imu_l_accel_x,foot_imu_l_accel_y,foot_imu_l_accel_z,foot_imu_l_gyro_x,foot_imu_l_gyro_y,foot_imu_l_gyro_z,thigh_imu_r_accel_x,thigh_imu_r_accel_y,thigh_imu_r_accel_z,thigh_imu_r_gyro_x,thigh_imu_r_gyro_y,thigh_imu_r_gyro_z,shank_imu_r_accel_x,shank_imu_r_accel_y,shank_imu_r_accel_z,shank_imu_r_gyro_x,shank_imu_r_gyro_y,shank_imu_r_gyro_z,foot_imu_r_accel_x,foot_imu_r_accel_y,foot_imu_r_accel_z,foot_imu_r_gyro_x,foot_imu_r_gyro_y,foot_imu_r_gyro_z,insole_l_force_y,insole_l_cop_x,insole_l_cop_z,insole_r_force_y,insole_r_cop_x,insole_r_cop_z
63.525,4.64803138876838,-5.32707564211504,-0.106985607508802,-16.4945945212279,-59.5336160260026,-1.1956353740096,-43.1171826773686,0.31266186518037,0.00627930253640551,-42.5857010576719,33.7034165335408,0.676878035005982,0.450863615018137,9.75791080348748,0.291893022126529,18.720576370774,25.0827006837671,-0.0867529922039019,-2.4185044519086,9.48327954056775,0.245478375935153,10.8176925531326,29.3835577756576,-59.6043026570097,-1.35174352816894,9.78352906203479,2.16358106302473,-21.2224045064181,9.80157834422543,-30.5665560607549,7.7602307732348,5.86684988912488,-1.00766449012835,22.8500424073447,26.0067020936885,-8.82594609494279,1.66089151377399,9.53796602323623,-0.960690447270003,-0.766228850818307,34.6039741885237,24.9023088316417,1.52888120791799,9.32426697473839,-2.34808063248079,36.7941797171695,53.7045495864004,-85.6720549863458,NaN,NaN,NaN,0,0,0
63.53,4.62139601055779,-5.32707564211504,-0.487963289698165,-16.7922626013581,-59.5336160260026,-5.45331455292452,-43.1156193680427,0.31266186518037,0.0286400123719668,-42.4171839750041,33.7034165335408,3.08725295277476,0.404135894753751,9.76711015941803,0.267556580647819,18.7348119354804,25.0779604444966,-0.0907765887821952,-2.56650438050389,9.52014866147131,0.279075121477822,10.6908104616638,29.421185485692,-59.6778286013289,-1.43748966184609,9.8740255110904,2.31895668998307,-21.2963835099645,9.81720765274357,-30.6107902902586,7.66960224248555,5.92179224744866,-0.991391944112243,22.8288697146918,26.0457143701452,-8.88015044990438,1.52521505444005,9.49125176058162,-0.930555229351891,-0.714974491423735,34.6269090940747,24.9494365372702,1.19744707441622,9.32278385601837,-2.42513758317603,36.6201584243129,53.8771144214848,-85.8130467387852,NaN,NaN,NaN,0,0,0
63.535,4.59455819651671,-5.36756280822077,-1.12185968021299,-17.0904696383184,-59.6414073921212,-12.530606313514,-43.1135520097148,0.413471665578789,0.0678221468836226,-42.2474046562759,33.9558637456715,7.09772302469288,0.234449562183017,9.77908718651399,0.197050206298603,18.7472068354831,25.0019120090431,-0.159916125444981,-2.82795758879624,9.52009315198324,0.298729508523041,10.5717755000366,29.4073174863428,-59.727086739434,-1.52346144452785,9.93381440697001,2.45932097050539,-21.3809697917489,9.87849629703781,-30.6419227005208,7.43757220859495,6.117824186992,-0.943252228781463,22.7554685330793,26.0371190505545,-9.01080800019945,1.11774194502568,9.42195442066553,-0.815271770049333,-0.660969214896593,34.5732370571894,24.9816799145997,0.467762560687271,9.32935822002105,-2.44970979972779,36.5554825180757,53.756851514218,-86.13135042367,NaN,NaN,NaN,0,0,0
63.54,4.5677219466367,-5.36724997600038,-1.86866273594499,-17.3879381546781,-59.4937032718982,-20.849080820536,-43.1107007447128,0.570253000389861,0.121842988468045,-42.0772573475909,34.0294617369803,11.8238597132665,0.0119824412883425,9.78162451643298,0.0982396164295043,18.7098239838895,24.8044124852224,-0.276838976403203,-3.08668335005966,9.43490616652825,0.257361161224524,10.4423394593755,29.2621020885316,-59.5776788266403,-1.54789458146595,9.86364241428657,2.44097915400526,-21.3607560532959,9.88954483197368,-30.6105486981934,7.16836048849169,6.37666395144111,-0.876787684057535,22.589283011492,25.8911089568938,-9.20677399882218,0.62267741030138,9.36154620526191,-0.649220908011529,-0.583846201036891,34.355382737784,24.7684776498939,-0.367457608088966,9.32721695954388,-2.37791263604609,36.3416491547487,53.3639449046211,-86.057563334694,NaN,NaN,NaN,0,0,0
63.545,4.54109233807028,-5.32592171328148,-2.62785592248159,-17.6834811161741,-59.108592299167,-29.2838356304274,-43.1067821794651,0.783713049539923,0.193649966413471,-41.9076492585616,33.9216178058604,16.6351836751592,-0.162453533106912,9.77772073170843,0.0169713503065163,18.6313452196208,24.4943069042324,-0.445746677366521,-3.30853205533681,9.35205039654302,0.219936598499821,10.310720213956,28.9962311788607,-59.2527772863063,-1.56662515516968,9.79076866063887,2.41390572204943,-21.241223473459,9.852662927878,-30.5301641540569,6.93219141115852,6.58089161947994,-0.816136516333211,22.340936927391,25.6123413673267,-9.47611657621166,0.179053727295881,9.27902475968658,-0.503356227470269,-0.480813433701085,33.9836928880055,24.2992509252405,-1.158473316894,9.28433242720266,-2.32504923795599,35.9921342922076,52.7131411695654,-85.6012367757373,NaN,NaN,NaN,0,0,0
63.55,4.51487339035987,-5.2437895420869,-3.33069112691101,-17.9760107790015,-58.5059325655421,-37.0850354537643,-43.1015185102681,1.05273383940083,0.288221139246246,-41.7394997615328,33.6298994057778,21.1059199838283,-0.289640582630793,9.76831772470164,-0.0464985844407991,18.5205698531532,24.0816348803491,-0.670348678010334,-3.49409282433484,9.27323663805833,0.186972267497552,10.1845607971891,28.6217334995217,-58.7765153665754,-1.580479442448,9.71734184951263,2.37999634733362,-21.0290462947507,9.77093360547821,-30.4138359480138,6.73088286292543,6.73150616059869,-0.761484084823092,22.0220087342757,25.2067034367475,-9.82470394814732,-0.209906618125823,9.17779339518158,-0.378860608016509,-0.349041594516351,33.4700262316402,23.5656799854956,-1.89849809081003,9.20538622947067,-2.2917554272039,35.5204973032121,51.8212248027953,-84.773551665879,NaN,NaN,NaN,0,0,0
63.555,4.48926623082671,-5.12143190662919,-3.93433352289819,-18.2645443693284,-57.7067180653525,-43.8052143075623,-43.0946469582155,1.37431041052665,0.411345955508857,-41.5737405947929,33.1518333479623,24.9755857317095,-0.371527969427347,9.7545016183561,-0.0924167901872107,18.3861855793219,23.5773651479171,-0.953803579732463,-3.64488430773599,9.19998720771827,0.15880488486266,10.0707461951715,28.1516377159525,-58.173314100132,-1.5903756715867,9.64539668398157,2.34122186970043,-20.7319101524841,9.6480922808516,-30.2738879260635,6.56539948750747,6.83085176909761,-0.712924264400171,21.644740048806,24.6811745149653,-10.2559607819204,-0.542255698123927,9.06182640666772,-0.276453613973261,-0.185746352675692,32.8274628152546,22.5617733048785,-2.58219006246611,9.09608017483721,-2.27826034052877,34.9397463170837,50.7064252670689,-83.5868861942443,NaN,NaN,NaN,0,0,0
63.56,4.46446758327038,-4.95972951126399,-4.41605405000968,-18.5482067868474,-56.7324835037746,-49.2284522870335,-43.0859292390362,1.74354383584667,0.568627624518215,-41.4113168067866,32.4847576012506,28.1104321394873,-0.411071681169184,9.73745859429939,-0.121496203641219,18.2365607736923,22.9931275431935,-1.29866609273729,-3.76320414844319,9.13359817205784,0.135583630231808,9.9752611870116,27.599632857963,-57.4672604469947,-1.59727303905095,9.57678848252484,2.2995392593264,-20.3583208614522,9.48839287327882,-30.1216516686532,6.43590812221789,6.88243384180714,-0.67048175258186,21.2217459946571,24.0436991045147,-10.7706966732908,-0.817218228947022,8.93553921625571,-0.19641381477683,0.0117140707081678,32.0700256584755,21.2839213218039,-3.20560493294584,8.96290559221404,-2.28439487226308,34.2617606473156,49.3878494820784,-82.0544751204097,NaN,NaN,NaN,0,0,0
63.565,4.44066858464458,-4.7597997251638,-4.76791384847048,-18.8262305954931,-55.6047617291733,-53.3063965751352,-43.07516079014,2.15368977925917,0.764707213020341,-41.253188137768,31.625733803752,30.4685204511982,-0.412059490491011,9.71843130605641,-0.134867157139362,18.079561896458,22.340946562864,-1.70684040407456,-3.85196876386386,9.07511511697878,0.11727124663083,9.90309042017601,26.9797333268372,-56.6815498780184,-1.60212492884119,9.51314278843347,2.25681222871175,-19.9174054138086,9.29646818757562,-29.9672868301091,6.34184838729533,6.89071715844744,-0.634130954948997,20.7657333342754,23.303072638532,-11.3670116074131,-1.0350738853195,8.80364939067812,-0.138604778676672,0.245729032142916,31.2124203225368,19.7309365467022,-3.76611526492533,8.81290511683483,-2.30960117567815,33.4967935389889,47.8849587170965,-80.1901655965796,NaN,NaN,NaN,0,0,0
63.57,4.41805391511261,-4.52293390639084,-4.99218603592888,-19.0979536188086,-54.344604663074,-56.1037683004039,-43.0621794822125,2.59626158548097,1.00269615770477,-41.1003305090467,30.5715257442472,32.0699270150838,-0.378928940717864,9.69867727740445,-0.134018123703534,17.9223986814589,21.6329806201258,-2.17954073871401,-3.91455089532653,9.02532190195857,0.10365351125353,9.85816016929676,26.3059553220192,-55.8380034141246,-1.60583827038161,9.45582026754803,2.21474461367969,-19.4187081922275,9.07719076134226,-29.8196721711939,6.2820143912674,6.86091467848251,-0.603810723965767,20.2892317541211,22.4688407424227,-12.0402812344057,-1.19703108135806,8.67103279913963,-0.102503761826778,0.518317175313887,30.2697963168579,17.9040810168417,-4.26230369449017,8.6534347223196,-2.35294377243128,32.6530746429862,46.2171054469185,-78.00826983184,NaN,NaN,NaN,0,0,0
63.575,4.3968012079376,-4.25054143499923,-5.09761320530985,-19.3628144954045,-52.9721753191658,-57.7542924480627,-43.0468735555759,3.06118532733123,1.28379626365919,-40.9537372781417,29.3186461809689,32.9726298235135,-0.31658496324736,9.67943042337398,-0.120728700924842,17.7714988242335,20.8812712466547,-2.7172599657276,-3.95462136262011,8.98474116704041,0.0943561427010225,9.8433197167696,25.5920112166444,-54.9566660056752,-1.60924037975379,9.4058962696503,2.17482857694479,-18.8719867776869,8.83553904650375,-29.6863650430502,6.25464380143308,6.79877455084956,-0.579434678343083,19.8043431171581,21.5512112697983,-12.7832227290048,-1.3050984313374,8.54257911580618,-0.0872325338818454,0.831004332623704,29.2575326501178,15.8070812438757,-4.69383741393921,8.49193259443497,-2.41312320534493,31.7365269936117,44.4031418883436,-75.523510801976,NaN,NaN,NaN,0,0,0
63.58,4.37708068862485,-3.94410386255512,-5.0964971342462,-19.6203465722783,-51.5064153747935,-58.4268202303153,-43.0291885412931,3.53700285655558,1.60708285013764,-40.8144199207841,27.8634714715605,33.2539797337017,-0.230222855597262,9.66186658481936,-0.0969975103050541,17.6324129705526,20.097506573511,-3.31974715462284,-3.97599601275412,8.95364716492341,0.0888679055305859,9.86035903544793,24.8510279551988,-54.0554901617818,-1.61304950194831,9.36415544686733,2.13830828673612,-18.2870126868095,8.57647255739405,-29.5736242450176,6.25751088103167,6.71037199330713,-0.560897227541525,19.32251292553,20.5609772385817,-13.5860399097522,-1.36195895014378,8.42305072317747,-0.0915900860096995,1.18470270840817,28.1910483433157,13.4461300250309,-5.06133076643452,8.3357003185478,-2.48849333945307,30.7506081367639,42.4611079725039,-72.7510533484402,NaN,NaN,NaN,0,0,0
63.585,4.35905497925372,-3.60514187422336,-5.00255239922248,-19.8701705214295,-49.9647898302207,-58.3006832390037,-43.0091329526587,4.01111772689057,1.96942616048237,-40.6834078175708,26.2024206426411,32.9972510539422,-0.125161329273519,9.64707373542142,-0.0649676960567827,17.5097499388948,19.2928033624245,-3.98599500794724,-3.98239591948621,8.93214015423039,0.0865682064489464,9.91005846394501,24.0952948956129,-53.150105958545,-1.61774776257879,9.33113830209124,2.10615207548931,-17.6733826655871,8.30481866310507,-29.4864889880467,6.28802050512186,6.60191170509238,-0.548075734247033,18.8543276247897,19.5094478793829,-14.4366441906165,-1.37085086129634,8.31694884334784,-0.114087148588389,1.57959663708624,27.0856373898839,10.8298738167392,-5.36620209902277,8.19170083220448,-2.57708338303457,29.6962796910012,40.408002651006,-69.7066093581665,NaN,NaN,NaN,0,0,0
63.59,4.34287899519516,-3.23519681171044,-4.82941972885018,-20.1119860595088,-48.363107615844,-57.5489277670343,-42.9867825632778,4.47007787616711,2.36552739446397,-40.5617468534623,24.3321928216819,32.2825444899283,-0.0066893320197438,9.63602730418613,-0.0268525980737462,17.4071413054173,18.4775116281347,-4.71423805920855,-3.97735790411148,8.92015836480673,0.0867584626775683,9.99226535089965,23.3360456916345,-52.2536760105028,-1.62360297201382,9.30714523842481,2.07904890593146,-17.0403458292006,8.02517305618779,-29.4289051576881,6.34330061410123,6.47954547810995,-0.540829456521865,18.4093407227383,18.4083843673837,-15.3209458870847,-1.33545772606941,8.22839040943467,-0.152982516231484,2.0150401421578,25.9563265026857,7.96938384683243,-5.61053022986556,8.06637668863578,-2.67662550377048,28.5721042200238,38.2596388118047,-66.4066023242943,NaN,NaN,NaN,0,0,0
63.595,4.32869985797186,-2.83582744466324,-4.58972043881142,-20.3455631328238,-46.7154146630426,-56.3279354519501,-42.9622831224809,4.89988815939474,2.78804792937808,-40.4504965809238,22.250054507727,31.1812311842707,0.120070603292988,9.62957086212806,0.0151360278684722,17.3272337621537,17.6610455025381,-5.50196241437494,-3.96447359777452,8.91732462240146,0.0886955620396641,10.1059922010066,22.5832778574069,-51.376831722093,-1.6310267572875,9.29212046540642,2.05744018585133,-16.3966511104962,7.74181554795764,-29.4038891485237,6.4202910136364,6.34920869519798,-0.538996030933189,17.995929991642,17.2699364460939,-16.2232084734769,-1.25980954195777,8.16099878508962,-0.20632115603113,2.48947120513159,24.8177530539022,4.87810879714312,-5.79691506907072,7.96549137497905,-2.78458860570313,27.3744630170199,36.0305787683415,-62.8683735617222,NaN,NaN,NaN,0,0,0
63.6,4.31665674999136,-2.40862159609884,-4.29453358359147,-20.5707329027675,-45.0339539887072,-54.7719649072297,-42.9358513963898,5.28634521821103,3.22781288306244,-40.3507257506051,19.9541660637292,29.7531370353486,0.250280605607867,9.6284022507312,0.0588551358561308,17.2717070430209,16.8517434484997,-6.3459276315405,-3.94726532559575,8.92299423014909,0.0916252154723869,10.2495306661293,21.8456126102032,-50.5276851754605,-1.64053617419669,9.28569191777805,2.04153631549388,-15.7504183040245,7.45864265153354,-29.4137191673482,6.51582685195474,6.21647846646953,-0.542386307615785,17.6211872721111,16.1065760526747,-17.126456650343,-1.14819551408722,8.11781095301653,-0.271973985844751,3.00034711957599,23.684059901334,1.57180673392841,-5.92834614124916,7.89399570195244,-2.89821846908481,26.0978834520362,33.7341443429776,-59.1104098912723,NaN,NaN,NaN,0,0,0
63.605,4.30688064402404,-1.95522119346485,-3.95318712570964,-20.7873788315635,-43.3291857592376,-52.9912845784709,-42.9077744626533,5.61538674729518,3.6740727450692,-40.2635060749965,17.4439351217375,28.0457366729987,0.379486208689444,9.63306507942053,0.102291062485881,17.2413147037683,16.0567602424602,-7.24220108590069,-3.92875478211282,8.93648624020242,0.094814566320624,10.4205757639858,21.1301964758558,-49.7119093726296,-1.65237331533027,9.2873518533461,2.03131913488973,-15.109034623895,7.17911830982821,-29.4601439614315,6.6267154860646,6.08645526820815,-0.550778345387152,17.2908416033662,14.9310241936929,-18.0129275773207,-1.00508839678143,8.10120323653879,-0.347679083833715,3.54410459506607,22.5688033056314,-1.93154600183147,-6.00808202200377,7.8559206000524,-3.01458409851726,24.7354601717664,31.3824930545373,-55.1525710425427,NaN,NaN,NaN,0,0,0
63.61,4.29949385200038,-1.47735840473166,-3.57326924208558,-20.9954281270655,-41.6098591003916,-51.0727602777567,-42.8784072278608,5.87344695850602,4.11480912531201,-40.1899041582819,14.7203833429028,26.094729199404,0.50369516421651,9.643945386399,0.143612286445796,17.2359446485093,15.2819923337911,-8.18620487137606,-3.9114306302188,8.95711314356731,0.0975821741123558,10.6163549466766,20.4426450004085,-48.9328782425133,-1.66653044094642,9.29648762319239,2.02657651059197,-14.4790773060781,6.90624397964095,-29.5445992904571,6.74980578692689,5.96366911938676,-0.563911331607198,17.0092155843094,13.756167670642,-18.8645534011324,-0.835079646352087,8.11283700804451,-0.431083958646359,4.11614743553209,21.4848698856004,-5.61187102071353,-6.03954302417355,7.8542970230289,-3.13062981033099,23.2793509022309,28.9867498847051,-51.0162946801967,NaN,NaN,NaN,0,0,0
63.615,4.29460935304225,-0.97689979162453,-3.1607827487403,-21.1948437600727,-39.8831266014023,-49.0819754179257,-42.8481681781977,6.04780993261872,4.53707262444566,-40.1309715973012,11.786512196144,23.9254830511414,0.619436479429515,9.6612731387918,0.181213171882606,17.2546960242749,14.5320372939627,-9.17277496485673,-3.89735724254599,8.98413860353837,0.0993245089238566,10.8337570513873,19.7870277853456,-48.1918568524406,-1.68290947270079,9.31236035342534,2.02694955735903,-13.8662615285002,6.64254899870449,-29.668423031241,6.88204923072126,5.85201056145548,-0.581480118046165,16.7792140546945,12.5949627993567,-19.6634623008343,-0.642824127663531,8.15362519302921,-0.519788399361155,4.71086369392394,20.4443985545029,-9.44713093458318,-6.02621883907812,7.89110309211356,-3.24323233438922,21.7213250128308,26.5571825531689,-46.7247579548868,NaN,NaN,NaN,0,0,0
63.62,4.29232987853326,-0.455894901800195,-2.72038238431021,-21.3856172200216,-38.1546919898212,-47.0661729277734,-42.8175334152926,6.12695258102309,4.92734238299638,-40.0877333316988,8.64765312048453,21.5549512929985,0.723800330912595,9.68512814384917,0.213747949140544,17.2959689582037,13.8101871297916,-10.1962320426229,-3.88817223852938,9.01680115573059,0.0995387836962884,11.0694567140925,19.1658929913481,-47.4882316355014,-1.70134814118477,9.33413472147364,2.03197322145426,-13.2754118742294,6.39010171148638,-29.833060548678,7.02055237479712,5.75468600258053,-0.603130971433109,16.6023434165484,11.4603239957527,-20.3924847162626,-0.432992777365069,8.22371971972016,-0.61138735225984,5.32167324497581,19.4587036552522,-13.4135004314773,-5.97159223208073,7.96723812491212,-3.34926201860674,20.0533413692855,24.1034071676986,-42.3029767181595,NaN,NaN,NaN,0,0,0
63.625,4.2927467513696,0.0833745672696579,-2.25564999929269,-21.5677621267333,-36.4289813423175,-45.0574994890788,-42.7870290696532,6.10086912788262,5.27189803920211,-40.0611743935381,5.31178763212962,18.9937626015151,0.814459918520882,9.71544985435754,0.240154534746942,17.3575635829479,13.1184542832257,-11.2504630033638,-3.88509124971485,9.05433884839917,0.0978410573374285,11.3200304815619,18.5803284609376,-46.8197701610827,-1.72163889733592,9.3609104163042,2.04111606612949,-12.7104547263816,6.15054124767777,-30.0402528932242,7.16262051928421,5.67419635573913,-0.628459028792971,16.478759235218,10.3649959961556,-21.0356512366262,-0.210231442451685,8.32251942152002,-0.703513241340547,5.94110576313643,18.5381960821121,-17.485565955576,-5.87907929553497,8.08252278154451,-3.44564710263925,18.2681312964261,21.6346105199641,-37.7778267927758,NaN,NaN,NaN,0,0,0
63.63,4.2959384962893,0.638348983939736,-1.76937581943694,-21.7413087688081,-34.7093284149487,-43.0761966122492,-42.7572222227774,5.96136937514992,5.55719567591498,-40.0522252754989,1.78982360784425,16.2482823902463,0.889676647377118,9.75205047966676,0.2596681224611,17.4367848731666,12.45762820545,-12.3290119219728,-3.88892461087072,9.09601086357871,0.0939791228154834,11.5820615851795,18.0300557128828,-46.1829000273381,-1.74354672326243,9.39175194070166,2.05381787272804,-12.1744283296447,5.92512919587921,-30.2922014978821,7.30579251560409,5.61233734840056,-0.657007824254483,16.4073392059326,9.32140951637199,-21.5786688016799,0.0208759286345043,8.44869730415729,-0.793877155031677,6.56090818371374,17.6923000367189,-21.6365538491566,-5.75198617364606,8.23572420716224,-3.52943996816812,16.3597626600112,19.1597751717831,-33.1779757136385,NaN,NaN,NaN,0,0,0
63.635,4.30196925736684,1.20615221550778,-1.2638246108725,-21.9062995949013,-32.9981652186605,-41.1335159766736,-42.7287105051224,5.70234353100382,5.77023994044935,-40.0617461999908,-1.90418489838922,13.32251114893,0.948290255689717,9.79463076102995,0.271824780806376,17.5305499887419,11.8273595172599,-13.4251788308988,-3.90010391837586,9.14111594101916,0.0878399095733249,11.8522311098404,17.513552289818,-45.5729968168026,-1.76682512172387,9.42571630223164,2.06952351542081,-11.6695067940105,5.7148197233666,-30.5917042976731,7.44786681504471,5.57021942129903,-0.688271121376575,16.3857781734196,8.34152128807023,-22.0093623937326,0.255841476508169,8.60024557258011,-0.880308351098741,7.17217989491191,16.9293641853004,-25.8385860028481,-5.59348160606674,8.42460472981066,-3.59788425691384,14.324162172634,16.6878938392194,-28.5337179861353,NaN,NaN,NaN,0,0,0
63.64,4.31088707634177,1.78356379498614,-0.740973807571984,-22.062785643929,-31.2972098055272,-39.2342388766683,-42.7021105698533,5.31998705381097,5.89894495934849,-40.0905106269916,-5.75288540014459,10.2197433151974,0.989695652395776,9.84279773897007,0.27645556771921,17.6354950795426,11.2262680035432,-14.53212440424,-3.91871637453275,9.18900755291312,0.0794513113809973,12.1273940702829,17.0281973346161,-44.9846716903478,-1.7912297601683,9.46187827039326,2.08771187632257,-11.1970341003039,5.5203459628271,-30.9422594973074,7.58691897054162,5.54830477183024,-0.721697145589079,16.4107016618304,7.43664059083666,-22.3180702554758,0.490306533591068,8.77453639755754,-0.960791571551448,7.76553317766594,16.2565673027091,-30.0629611783287,-5.40658410801427,8.64599237454664,-3.64848174057087,12.1595750608472,14.2281604536085,-23.8767120587584,NaN,NaN,NaN,0,0,0
63.645,4.32272210038609,2.36700480886224,-0.20271670315432,-22.2108238654494,-29.6076443040758,-37.3787543098244,-42.6780456710029,4.81297977008988,5.93247702040701,-40.139188384239,-9.73555144948718,6.94395134768582,1.01380831891918,9.89608383298271,0.273671918458059,17.7480788424929,10.6520700874016,-15.642978321459,-3.94454487720591,9.23910587707062,0.0689785240998697,12.4046396651725,16.5704348672872,-44.4120500507374,-1.81652943240507,9.49935297430031,2.10791886962852,-10.7575641875149,5.34231977570099,-31.3481345276698,7.72131092171288,5.54645883575166,-0.756695168214227,16.4777943105274,6.61724556781436,-22.4979818332543,0.720074870916726,8.96839609946971,-1.03350169676455,8.33127578527998,15.6798199300025,-34.2804592376733,-5.19416212923028,8.89587118955344,-3.67905778658341,9.8669441482385,11.7901266452088,-19.2396227171325,NaN,NaN,NaN,0,0,0
63.65,4.33748479943393,2.95253980957126,0.348971999033596,-22.3504752528251,-27.9302774751569,-35.5647012470962,-42.657132598699,4.18261446077207,5.86157232491279,-40.2083288379345,-13.8280907391047,3.50088829809582,1.02102017915669,9.95396656615548,0.26384327168188,17.8646805206016,10.1017210263837,-16.7509488389323,-3.97711190496696,9.29090669149513,0.0567151389639835,12.6813356872434,16.1359490561258,-43.849033736294,-1.84251418140214,9.53731567662226,2.12975393277034,-10.3509033724218,5.18134144137227,-31.814399089494,7.84969250985221,5.56401333936472,-0.792644256107877,16.5819397079484,5.89279372179519,-22.5454090866629,0.941146948111108,9.17819024157422,-1.09683529317609,8.85961202570166,15.2036650496679,-38.4616645711355,-4.95894512700743,9.1694891669125,-3.68782415257063,7.45019403154075,9.38381420215685,-14.6556781368046,NaN,NaN,NaN,0,0,0
63.655,4.35516428090084,3.53589629338004,0.911908261200465,-22.4818036897437,-26.2656873837088,-33.788212431151,-42.6399682428432,3.43287117117479,5.67882347957403,-40.2983445440926,-18.0031412316147,-0.101079470473322,1.01214784836613,10.0158882904231,0.247568061586548,17.9816904779507,9.57156689780352,-17.8494309168412,-4.01572537502676,9.34398736227984,0.0430693771275256,12.9551576974241,15.7198458387258,-43.289540368546,-1.86900059059891,9.57501859983395,2.15290964553726,-9.97615164322584,5.03811548825269,-32.3469225954742,7.97099579125167,5.59983799018199,-0.828903879975763,16.7173683429681,5.27153198810135,-22.4599834818931,1.14975560908719,9.39991705631227,-1.14943861092954,9.34085824969115,14.8311821962377,-42.5773041070084,-4.70354316534502,9.46148137671821,-3.67343765547414,4.91641011784467,7.01977624221896,-10.1581559373055,NaN,NaN,NaN,0,0,0
63.66,4.37572679323242,4.11250246631828,1.48360677335419,-22.6048753954782,-24.6143411469273,-32.0448140959024,-42.6271160695696,2.5704346547139,5.37892884226859,-40.4094958293474,-22.23025705098,-3.85038728867973,0.988375125930332,10.0812752953053,0.225639320199447,18.0955919586456,9.05750151349528,-18.9321101347494,-4.05952480896245,9.3980101179966,0.0285459684788631,13.2241040981793,15.3168355591537,-42.7277147426695,-1.89583438660624,9.61180471998816,2.17716449140171,-9.63173993750083,4.91356866026627,-32.952337686015,8.08442284726561,5.65241790558813,-0.864825980487807,16.8778107020641,4.76031261265415,-22.2447728481453,1.34240323575391,9.62930666905836,-1.19023155649537,9.76566822439145,14.5639006488937,-46.5985944636702,-4.43047243275121,9.7660057978154,-3.63505301138683,2.27590666840688,4.70910235878563,-5.77981687224007,NaN,NaN,NaN,0,0,0
63.665,4.39911450876175,4.67754310586495,2.06122251152206,-22.7197588460256,-22.9766901094681,-30.3300423196411,-42.6190928018273,1.60465354844834,4.95889938638691,-40.5418767451437,-26.4761831592444,-7.73190797228146,0.95119150515326,10.1495557141519,0.199006203160473,18.2030331281187,8.55512373079122,-19.993059574511,-4.10752632770197,9.45272280014428,0.0137242691835477,13.4864986514609,14.9214118415725,-42.1581084827366,-1.92289060229844,9.64711848938193,2.20237916650694,-9.3154616193063,4.80896565036297,-33.6379726245646,8.18942792658247,5.71993400024269,-0.899768029152975,17.0566528697967,4.36442166507797,-21.9063142739816,1.51589995165067,9.86192371471996,-1.21842710459832,10.1252634515538,14.4017282663633,-50.4975921133314,-4.14218397051151,10.0768891919547,-3.57236785816135,-0.457817464059872,2.46336583383424,-1.55230802187697,NaN,NaN,NaN,0,0,0
63.67,4.42524467015059,5.22603227776592,2.64152293614438,-22.8265250469456,-21.3532401839861,-28.6398357674043,-42.6163555966146,0.547441042553207,4.41821841718268,-40.6954028210298,-30.7052151771941,-11.7267804657838,0.902328360098417,10.2201756866109,0.168732778696942,18.3008889826855,8.05989117288964,-21.0268268604525,-4.15866521054856,9.50795726535738,-0.000766709193614814,13.7409822743143,14.5280226763956,-41.5758255439299,-1.95007163391603,9.68051349995922,2.22848720878059,-9.02449810788137,4.72601757989884,-34.4117561470265,8.28569488665805,5.80034375472207,-0.933106590349633,17.247092280871,4.08742733245208,-21.4545613081947,1.66740207254752,10.0932711322477,-1.23354554506541,10.4116630505778,14.3429030064199,-54.2475399071521,-3.84109293070252,10.3877802054416,-3.48565769503266,-3.2682321670771,0.294514063731139,2.49444059782106,NaN,NaN,NaN,0,0,0
63.675,4.45400917282299,5.75290053448478,3.22088786891554,-22.9252480389677,-19.744598404443,-26.970759141619,-42.6192900069481,-0.58688206670663,3.7589502574194,-40.8698010118107,-34.8796381562257,-15.8124047191268,0.843694357619819,10.2926133048873,0.135955410477612,18.3863131692478,7.5672670577001,-22.028508648805,-4.21183498713501,9.56362560743943,-0.0142756030466292,13.9864961162096,14.1312305645061,-40.9766324804676,-1.97730360193194,9.71165714496998,2.25548098616057,-8.75544071805338,4.666977388546,-35.2820987659366,8.37311100688068,5.89146005805909,-0.964250890058842,17.4422914837769,3.93105512752195,-20.9027458657791,1.79444964872165,10.3188931359601,-1.23542290882068,10.6179073694279,14.3839741373473,-57.8232029891311,-3.52960583695847,10.6923066875066,-3.3757982510467,-6.13603093066274,-1.78529356923537,6.33280127816658,NaN,NaN,NaN,-1.31815150478147,0.146290589786579,0.0640054189198231
63.68,4.48527463860248,6.25309315589497,3.79533406701274,-23.016005528461,-18.1514978986477,-25.3201038907759,-42.6281990065094,-1.78179991226608,2.98579490593772,-41.064602190529,-38.9602357436416,-19.9625786659562,0.777311540263443,10.3663899669469,0.101840020230761,18.456780143306,7.07285755172768,-22.9938100786427,-4.26592227513734,9.61971437491115,-0.0261574885562633,14.2222579866014,13.7258594316486,-40.3570336566543,-2.00453149261673,9.74033237428202,2.28339421383196,-8.50431271673973,4.63471568164095,-36.2577547497356,8.45173830928944,5.9910261367501,-0.992655922355723,17.6355278896737,3.8950967797544,-20.2671573795081,1.89500165152032,10.5344755674792,-1.22421291457567,10.7382690393396,14.5198195505358,-61.2011870197884,-3.21014358884335,10.9842339976191,-3.24427269675653,-9.03947599454641,-3.76389329501383,9.93799141665735,NaN,NaN,NaN,26.6493487109473,0.147026340112211,0.0616237290184403
63.685,4.51888301442338,6.72167516417617,4.36056146919766,-23.0988795504908,-16.5748044059477,-23.6859041759839,-42.6432933387214,-3.01886644239305,2.10608664628318,-41.2791364858255,-42.9068590592615,-24.1477560235037,0.705253425561932,10.4410788751093,0.0675404393125595,18.5101183762994,6.5725377189061,-23.91908704851,-4.31983681706128,9.67627698189753,-0.0358032308839237,14.4477341706942,13.3071267858386,-39.7143127133207,-2.03171360204875,9.76643667080806,2.31228219837474,-8.26659688892973,4.63277050321188,-37.3476691522205,8.5217835340713,6.09678493150304,-1.01783467398007,17.8203374955304,3.97735884894664,-19.5668438339331,1.96746714750039,10.7359420027642,-1.20038184296414,10.7684448051757,14.7437044163677,-64.3602317556558,-2.88515831441071,11.2576208536717,-3.0931612233532,-11.9548197282572,-5.62936058060936,13.2885512837301,NaN,NaN,NaN,35.4470119764308,0.147246607106576,0.0601213773804945
63.69,4.55465270620098,7.15393835552611,4.91201796676363,-23.1739570910419,-15.0155081102442,-22.066897804695,-42.6646834293431,-4.27801812433691,1.12973563121704,-41.5125316997404,-46.6790427830288,-28.3354063204137,0.629586354691284,10.516310541352,0.0341589561817835,18.5445354870899,6.06256466888124,-24.8013696560422,-4.37253639733541,9.73342453859616,-0.0426683949524408,14.6626085592171,12.8707601879098,-39.0465425802069,-2.058815817794,9.78997840529637,2.34220098386069,-8.03727434404029,4.66536508439629,-38.5608144208856,8.58356787272905,6.20654164310659,-1.03936911181722,17.9906505025478,4.17365601769629,-18.8232413186173,2.01073070128347,10.9195441134627,-1.16469588063757,10.7057212147459,15.0473847264522,-67.281473395328,-2.55714261276458,11.5069690725566,-2.92511089645056,-14.8567864199154,-7.37027862554542,16.3667371030731,NaN,NaN,NaN,42.9908730578012,0.146841588501838,0.0590663481318545
63.695,4.59238023343318,7.5455054464364,5.44497935192073,-23.2413306156693,-13.4747049254666,-20.4624544343736,-42.6923730723583,-5.53792860303163,0.0691125846116753,-41.7637149722661,-50.2366545051145,-32.4904607786574,0.552315190319381,10.5917752799371,0.00271004248827917,18.5586362213829,5.53967691460514,-25.6383657063823,-4.42304653175336,9.79131535359843,-0.0463006957236722,14.8667508383827,12.4130975304479,-38.352567130251,-2.08580625247779,9.81107075392655,2.3731865400523,-7.81087998192266,4.73738875617664,-39.9060212555229,8.63749746463008,6.31821852241866,-1.0569196470034,18.1409166253964,4.47785260969634,-18.0597405850177,2.02417027008191,11.0819448562967,-1.11820068537606,10.5491072192558,15.4212571130591,-69.9486697029216,-2.22863021515223,11.7273633960178,-2.74328438434687,-17.7190978369804,-8.97601953491735,19.1588137603351,NaN,NaN,NaN,48.7940835393842,0.145471799839739,0.0582610373422581
63.7,4.63184236631507,7.89242657637304,5.95464084859462,-23.3010984730593,-11.9535714779874,-18.8724871341823,-42.7262550632852,-6.77639818538376,-1.06112206388882,-42.0314177840086,-53.5405623484703,-36.5758293023503,0.475334307854136,10.6672227772762,-0.0259118956536606,18.5514341564216,5.00117924875395,-26.4284438261281,-4.47047501047062,9.85014338009509,-0.0463649808387201,15.0601852529386,11.9311709022569,-37.6319581999322,-2.11265068903184,9.82992338610494,2.40523508969349,-7.58157920880098,4.85433772674071,-41.3918084824693,8.68403552061967,6.42990130779963,-1.07023285687236,18.2662177428478,4.88195419471706,-17.3012007309792,2.00766601078912,11.2202930921823,-1.06219319927214,10.2994270080968,15.8545538530419,-72.3483827373295,-1.90218760123855,11.9145975142676,-2.55128715337757,-20.5150258738885,-10.43702557922,21.6552361534084,NaN,NaN,NaN,53.0071359392047,0.14266522751012,0.0575550791738921
63.705,4.67279868518749,8.1912637744919,6.43621638281902,-23.3533651626403,-10.4533379162144,-17.2973584510631,-42.7661089128447,-7.97076991190423,-2.24424207930486,-42.314184310366,-56.5533052715412,-40.552974858877,0.400384645524296,10.7424589257199,-0.0509600357533593,18.5223578944871,4.44501268391377,-27.170596377022,-4.5140215440515,9.91012588899416,-0.0426647999719997,15.2430611817262,11.4227740035821,-36.8849521522136,-2.13930921885362,9.84683214646712,2.43828560394273,-7.34326936016957,5.02221415139592,-43.0262167203749,8.72367676070697,6.53987700321015,-1.07914730571805,18.362365426253,5.3762492470287,-16.5734215178425,1.96159870999563,11.3322882287375,-0.998186074316188,9.95936705269998,16.335579310303,-74.4701150243753,-1.58039661756657,12.0652824444751,-2.35307395996309,-23.2179561204684,-11.7450781472625,23.8507133115128,NaN,NaN,NaN,56.3539660308574,0.138012003668538,0.0567720539159504
63.71,4.71499448281507,8.43915952551301,6.88504155007822,-23.3982414745518,-8.9752623822893,-15.7377883899581,-42.8116007283523,-9.09836310152873,-3.46172859063319,-42.6103830619692,-59.2397503206025,-44.3825320584505,0.329017383387961,10.8173401920602,-0.0718573619084687,18.4712523588131,3.86980921427373,-27.8643830150622,-4.55298290837713,9.97149065545739,-0.0351597148148145,15.4156264665684,10.8865132226687,-36.1123704402593,-2.1657343556906,9.86216696605167,2.4722053927716,-7.08970799559852,5.24738376416951,-44.8166505138572,8.75692466004101,6.6466629323439,-1.0835973541993,18.4259808557532,5.94949881289709,-15.9025869106394,1.88683695693398,11.4162334563228,-0.927865455842474,9.53347242098233,16.8519814431934,-76.3063961799445,-1.26582863744209,12.1769336320337,-2.15283685161869,-25.8019471226055,-12.8935427516485,25.7441546684274,NaN,NaN,NaN,59.8894060839529,0.131551056297263,0.0556851914800607
63.715,4.75816391386322,8.63388620962502,7.29667612533368,-23.4358445272355,-7.52061053673542,-14.1947690312583,-42.8622853016292,-10.1369146553756,-4.69358754725285,-42.9182216690394,-61.5677214140147,-48.0249568774841,0.262564620908364,10.8917658637596,-0.0882131706893562,18.3983756458228,3.2749313730202,-28.5098563588907,-4.58675410616037,10.0344629443051,-0.0239776371071571,15.5782041275054,10.3218426224384,-35.3155287448118,-2.19187079508302,9.87635824876751,2.5067795686637,-6.81466886131956,5.53639422446299,-46.7697333761746,8.78427180810534,6.74902720006062,-1.08361489346821,18.4545547473365,6.58917012896091,-15.3146931957414,1.78471268804415,11.4710761438302,-0.853043264309278,9.02808895772563,17.3910496165477,-77.8528182837549,-0.961011256228367,12.2480335445018,-1.95487829149221,-28.2422713404655,-13.8775796973788,27.3385030020821,NaN,NaN,NaN,64.6687129493078,0.12410577797584,0.0540772727011536
63.72,4.80203328343992,8.77387391534759,7.66700196621373,-23.4662977420501,-6.0906429629297,-12.6694886760408,-42.9176103920937,-11.0650180929029,-5.91870532664697,-43.2357645939341,-63.5085849789954,-51.4411943791729,0.202117232059889,10.9656685743551,-0.0998335859072964,18.30439173711,2.66049678263516,-29.1074717996198,-4.61482615885557,10.0992525739489,-0.00942164688077724,15.7311727984138,9.72908322855648,-34.4961392123137,-2.21765687419389,9.88988199200288,2.54170496435877,-6.51212489852615,5.89575820478597,-48.8911797892353,8.80618351404807,6.8460008499629,-1.07932898888587,18.4464852020098,7.28170824033792,-14.8349754589174,1.65698530641311,11.4964340104932,-0.775605489916325,8.45124986710185,17.9400280198841,-79.1080196578731,-0.668388916039476,12.2780671210981,-1.7634743111962,-30.515925206675,-14.6943116824334,28.6404632108556,NaN,NaN,NaN,71.4385341021378,0.117116463658653,0.0518479161712166
63.725,4.84632435807373,8.85821492675776,7.9923122968892,-23.4897308051221,-4.68661261439225,-11.1632672272421,-42.9769231433747,-11.8625502561922,-7.11523531050029,-43.5609534883078,-65.0377788746959,-54.5933511100806,0.148509910393123,11.0390035507641,-0.106725959815904,18.1903592445201,2.02738811292213,-29.6579839957548,-4.63678120885518,10.1660413281961,0.00802907238003537,15.8749509434686,9.10942715180613,-33.6562101275185,-2.24302767976977,9.90324391265486,2.57658885292735,-6.17645620507867,6.33170706346134,-51.1856876499045,8.8230846469711,6.93688212857705,-1.07096346967102,18.4010918655783,8.01283800930268,-14.4873462945327,1.50579518460269,11.4926058222309,-0.69745833116534,7.81250749521404,18.486432676761,-80.0736180547083,-0.39027917647978,12.2675282222883,-1.58273364169062,-32.602097118847,-15.3429415532555,29.6601399423107,NaN,NaN,NaN,80.4402877795495,0.111884885664315,0.0490857149377382
63.73,4.89075757841756,8.88664406877426,8.26938863553616,-23.5062796737329,-3.30977372217961,-9.67750379146534,-43.0394785224962,-12.5110758243096,-8.26100734806539,-43.8916298505398,-66.1352724464696,-57.4453587258501,0.102313277605928,11.111737047636,-0.10909719596418,18.0577162578532,1.37724905959687,-30.1623330484643,-4.65228564613492,10.2349709704817,0.0277243444624572,16.0099846790566,8.46492720919253,-32.7979470350403,-2.267919663718,9.91696286041362,2.61095256745988,-5.80267934121804,6.84992266202408,-53.6568539401862,8.83534958500795,7.02123335301578,-1.05883255649177,18.318605445407,8.76788756678673,-14.293860360272,1.33360795116658,11.4605655923817,-0.62047423525688,7.12271357327203,19.018359448727,-80.7540955474641,-0.128826580471189,12.2178961887451,-1.41645946136652,-34.4825836015457,-15.8248155898115,30.4105999330268,NaN,NaN,NaN,91.3748993086132,0.108946608124345,0.0460110398745517
63.735,4.93505505365462,8.85949504740795,8.49556204096301,-23.5160866876469,-1.9614027827967,-8.21363705586104,-43.1044496235492,-12.9942202105871,-9.33395131141415,-44.2255595866594,-66.7859472238902,-59.9636154274785,0.0638328139445348,11.1838344385599,-0.107346192104207,17.9082612907229,0.712467131010836,-30.6215237397553,-4.66108197781641,10.3061320970259,0.0488541074632941,16.1367388333308,7.79847282887408,-31.9236589077617,-2.29227655929799,9.93155380845381,2.64423987411048,-5.38669285835711,7.45525643313155,-56.307115571426,8.84329505752382,7.09887093217898,-1.04333467433878,18.2001324391569,9.53212329259824,-14.2742177903636,1.1431514952641,11.4019396020396,-0.546440006904512,6.39375370083313,19.524770636132,-81.1566386053151,0.11404380673233,12.1315827434825,-1.2680206436159,-36.1421452666538,-16.1434299706614,30.9073768141141,NaN,NaN,NaN,103.522996835974,0.108066031977299,0.0428634791984788
63.74,4.97894322320282,8.77763390963432,8.6687558974039,-23.5193008448303,-0.642831436663398,-6.77311872359864,-43.1709396339177,-13.2980020736926,-10.3125254428977,-44.5604590350974,-66.9798896875703,-62.1175920481405,0.0331142631486172,11.2552484254392,-0.102050764446023,17.74413027696,0.036144194669446,-31.0365015282343,-4.66298013999856,10.3795540460639,0.0704652552786507,16.2556907227889,7.11375314694748,-31.0356724740765,-2.31605634450219,9.94751071906296,2.67582974307108,-4.92553252470667,8.15144609477923,-59.1377164484176,8.8471755976384,7.16984912323766,-1.02494464520519,18.0475958429627,10.2910858520379,-14.4453185356074,0.937348053996212,11.3189659952247,-0.477009120823361,5.63824425558268,19.9957487436578,-81.2909378992019,0.336671085759885,12.0118506988021,-1.14023912500387,-37.5687956633024,-16.3043803915525,31.1679373048979,NaN,NaN,NaN,115.964259386151,0.108627232404993,0.0398388103562937
63.745,5.02215508172451,8.64237170434614,8.78750811814009,-23.5160782961368,0.644509738688601,-5.35740008014984,-43.2379952217319,-13.4111175628555,-11.176139918978,-44.894021983228,-66.712589626169,-63.8803901683958,0.00995505398520353,11.3259078112373,-0.0939495703882111,17.5677695585657,-0.647944090810162,-31.4080292175275,-4.65784891732944,10.4551960613953,0.0914837464120456,16.3673260045758,6.41520834929834,-30.1362572833032,-2.33923897302263,9.96528959446917,2.70505299430813,-4.41762853261503,8.94084135313648,-62.1487008469151,8.84718127736306,7.23443813434082,-1.00420448808753,17.8636535641097,11.0309166951454,-14.8208784226305,0.719244032414488,11.2144372418245,-0.413660194692117,4.86920202946055,20.4227076463132,-81.1689532925928,0.537699420121374,11.8627071674085,-1.03529925029531,-38.7540176973971,-16.3152570775515,31.2111283682608,NaN,NaN,NaN,127.812546619799,0.109973834441617,0.0370729348786485
63.75,5.06443187818009,8.45535929111095,8.85097140859316,-23.5065831050522,1.89903821692612,-3.96793154420784,-43.3046210694711,-13.325169547841,-11.9055660185753,-45.2239471825812,-65.9850398706016,-65.2292404794927,-0.00607883472272381,11.3957072573104,-0.0839196826764378,17.3819048264135,-1.33539863192829,-31.73656832257,-4.64560808653645,10.5329398899221,0.110741326896459,16.4721358671794,5.70797049520129,-29.2275635273565,-2.36183458136538,9.98529204499792,2.73121216953673,-3.86305608148823,9.82415046993701,-65.3389322095833,8.84343737835038,7.29309722780277,-0.981713065579206,17.6515972040556,11.738664762069,-15.411116144013,0.491940318357753,11.0916263796784,-0.357663261694963,4.09969853280246,20.7985536546475,-80.8046501902319,0.716113297772003,11.6887751171092,-0.954683734373582,-39.6929040212929,-16.1854895051696,31.0566251249196,NaN,NaN,NaN,138.390782352501,0.111578866656218,0.0346628748431677
63.755,5.10552421799141,8.21846796225986,8.85889105993106,-23.4909883069972,3.11895961100302,-2.60617479445305,-43.3697952516333,-13.0348364324253,-12.483321495302,-45.5479658602167,-64.8037355270683,-66.1459307637169,-0.0156312474776704,11.4644984114436,-0.0729505690793428,17.1895060249494,-2.02125549628762,-32.0221691419932,-4.62622183186101,10.6125839730631,0.127006065276129,16.5706147507925,4.99779527594737,-28.3115740637402,-2.38389188517972,10.0078497393669,2.75360389760026,-3.26377016838191,10.8002196369499,-68.706135433346,8.83600566024327,7.34644354979853,-0.958114803804298,17.4152347426394,12.4025639342823,-16.2225185457222,0.258525773143694,10.9541986168584,-0.31005504561563,3.34251193189723,21.1177916857995,-80.2137139125457,0.871265553942244,11.4951480417746,-0.899139320234633,-40.3842195850024,-15.9261468944316,30.7243990540567,NaN,NaN,NaN,147.311657886767,0.113085857950075,0.0326741808350723
63.76,5.14519251847054,7.93366009583434,8.81156061041164,-23.4694772886498,4.30220366947758,-1.2736267442003,-43.4324851350119,-12.5379766757291,-12.8940232132718,-45.8638687260569,-63.1805731681104,-66.6171543009907,-0.0195302327993715,11.5320827419614,-0.0621152904898673,16.9937483073136,-2.70005099420196,-32.2643733952818,-4.59969389121167,10.6938393677596,0.139015793027526,16.6632577520407,4.29098637539493,-27.3900715224073,-2.40550649889002,10.0332101471733,2.77154297176122,-2.62381516906244,11.8658566511908,-72.2469596186462,8.82488692779256,7.39521751947549,-0.934087678794002,17.1587613855314,13.0122729942003,-17.2576895259431,0.0220163051671684,10.8061105572292,-0.27162391753054,2.60978989305834,21.3765747075525,-79.4132490112068,1.00289683448001,11.2872331634272,-0.868673439920275,-40.8303862799622,-15.5497018128814,30.2342250259937,NaN,NaN,NaN,154.472335675263,0.114302532424359,0.0311427498666204
63.765,5.18320679074051,7.60285445398969,8.70975657582346,-23.4422454920242,5.44635932511076,0.0281457327690809,-43.4916634689302,-11.8356667836689,-13.1246988105155,-46.1695319895915,-61.1326527068797,-66.634771208415,-0.0187592526679389,11.598206344391,-0.0525397487365411,16.797969219205,-3.36589135078705,-32.4621330072707,-4.56606478043685,10.7763275017829,0.145513483040608,16.7505568771404,3.59431426246553,-26.4646208486731,-2.42682893764773,10.0615240367284,2.78438733851537,-1.94949981332545,13.0157093873136,-75.9570570291121,8.81002466511665,7.44024574672688,-0.910330615930528,16.8866233779765,13.5590714392396,-18.5152856676686,-0.214698512204628,10.6514999590126,-0.242904635097862,1.91273615850075,21.5726976147667,-78.421470429945,1.11114548846802,11.0705888900114,-0.862581340245179,-41.0373911506198,-15.0697649609133,29.6052437288078,NaN,NaN,NaN,160.00015383745,0.115181029752844,0.0300695221208809
63.77,5.21934574582558,7.2277910170094,8.55465427635474,-23.4095024314603,6.54861211277072,1.29746181957861,-43.5463243299065,-10.9321721952555,-13.1650500881208,-46.4629419234883,-58.6819867793293,-66.1959771256822,-0.0144260610617267,11.6625569047739,-0.0453708050448413,16.6056223948197,-4.01252502004234,-32.613748235946,-4.52541131809746,10.8595798304906,0.145283570093982,16.8329953682949,2.91493133556666,-25.5365671518117,-2.4480720813307,10.0928352393317,2.79156320109837,-1.24952841294448,14.2422080271777,-79.8311726256026,8.7913095939585,7.48240259542318,-0.887550405430463,16.6033798877237,14.0360063452679,-19.9900394734017,-0.448899898039265,10.4945694909478,-0.224182381677408,1.26133249953571,21.7055394915176,-77.2573931474195,1.1965472092457,10.850762241844,-0.879501354913337,-41.0146209031907,-14.5007993559224,28.8555928657111,NaN,NaN,NaN,164.185863220787,0.115784839735296,0.0294122320157895
63.775,5.25339524800998,6.80990043688732,8.34772754529781,-23.371473994998,7.60568729247647,2.53247540960241,-43.5954985903531,-9.83485208932435,-13.0076619614209,-46.7422175451483,-55.8551243320632,-65.3033757137145,-0.00773008568203577,11.7247629160657,-0.0417440601357321,16.4202281674969,-4.63341570773475,-32.7168278629309,-4.47784854248762,10.9430394224982,0.137188208219068,16.9110394333667,2.26028537314942,-24.6070483015384,-2.4695178929026,10.1270732104005,2.79258946015643,-0.535079694111116,15.5355779982042,-83.8632370206095,8.76858511017831,7.52257163825842,-0.866448206627016,16.313568080551,14.4379874781298,-21.6728688372131,-0.678074679224843,10.3394683562236,-0.215505083638718,0.664105862111794,21.7759605976171,-75.9405264412405,1.26002409442127,10.6331316887528,-0.917494412214789,-40.7746264404966,-13.85782177428,28.0021161978247,NaN,NaN,NaN,167.423039597314,0.116240467402811,0.0290869347924829
63.78,5.28514616462338,6.3501833226764,8.09063577452379,-23.3284049855168,8.61380189624285,3.73111865725519,-43.6382685933762,-8.55400060460585,-12.648152114409,-47.0056310287435,-52.6826967190104,-63.9649535679649,7.08788302401023e-05,11.7843951611742,-0.0427520457027911,16.2453216346647,-5.22181421723615,-32.7682736143464,-4.42353397758999,11.0260644679241,0.120202466485331,16.9851268470077,1.63803325724343,-23.6770213419334,-2.49152319277257,10.1640488799627,2.78710074332275,0.180174625145755,16.8839282035491,-88.0464542127187,8.74165363915972,7.56160832881403,-0.847705702317088,16.0215762407954,14.7618298931959,-23.5510692594281,-0.899940432204914,10.1901758605115,-0.216702539199325,0.127948175205783,21.7861622305148,-74.4905782341325,1.30286316154423,10.4227603868116,-0.974142578624283,-40.3328220754216,-13.1560986164743,27.0601545471386,NaN,NaN,NaN,170.162010383709,0.116692860592417,0.0289798383604447
63.785,5.31439168764914,5.84910460515714,7.78510232036605,-23.2805618421323,9.56862867690393,4.89104299857941,-43.6737817346669,-7.10262825816066,-12.0852579224922,-47.2516255083226,-49.1988959158611,-62.1939582898669,0.00769389729059059,11.8409704064742,-0.0494135339165424,16.0843988693302,-5.77082730171626,-32.764290361219,-4.36267406656241,11.1079336816281,0.0934474868171549,17.0556520570465,1.05595693538255,-22.7473014715924,-2.51452430513167,10.2034541730737,2.77486830721669,0.880118209892506,18.2734165242558,-92.3733743113856,8.7102840015763,7.60030522655392,-0.831970976838471,15.7315292435663,15.0062452204178,-25.6085833562228,-1.11246157203417,10.050390980965,-0.227410587102452,-0.342006383451852,21.7395187458911,-72.9271741978111,1.32668471695598,10.2242642325472,-1.04666055940565,-39.7071251606966,-12.4108425650825,26.0434179730921,NaN,NaN,NaN,172.869502636271,0.117255487426122,0.0289635410010414
63.79,5.34092422820265,5.30650811070034,7.43278875353822,-23.2282354692243,10.4652745815858,6.00956044365981,-43.7012626770227,-5.49618847115457,-11.3208586985673,-47.4788299857748,-45.4408954904063,-60.0086825403663,0.0138633233889052,11.8939571958954,-0.062644633927364,15.9408621245808,-6.2734818300098,-32.7004229670058,-4.29553244858867,11.1878535672985,0.0562206681869454,17.122947623746,0.52188353400631,-21.8186120624951,-2.53904040661768,10.2448653966638,2.75581812324914,1.54631054882872,19.688491859413,-96.835941005139,8.67421987558494,7.63936104635953,-0.819844230387245,15.4471899053387,15.1717845838233,-27.8263404913659,-1.31385757148143,9.92343175305689,-0.247098399301961,-0.742444665751543,21.6403914238932,-71.2695954789222,1.33340130852651,10.0416984984462,-1.13201368027181,-38.9175432817415,-11.6369157353582,24.9639341981999,NaN,NaN,NaN,175.990218144175,0.117984387033137,0.0289243279390163
63.795,5.36453200887001,4.72155613346839,7.03516977916154,-23.1717440896345,11.2982759179522,7.08358807380105,-43.720023952574,-3.7522551102564,-10.3599328210335,-47.6860711146418,-41.448225773391,-57.4321588570313,0.017341781416785,11.9427835938979,-0.083232321717495,15.8179650093306,-6.72278280648946,-32.5716199112382,-4.22243961009738,11.2649675093171,0.00802200031393599,17.1872620415824,0.0436113724012119,-20.8916439452764,-2.5656754051471,10.2877504523906,2.73004547918676,2.15818259317427,21.1122092667688,-101.425504044484,8.63318937584385,7.67935466816949,-0.811863509241827,15.1718787802439,15.2607375394792,-30.182657881486,-1.50260490855146,9.81214786198358,-0.275097003406973,-1.07187908000592,21.4939335523916,-69.5365381460994,1.32516828947655,9.87846608821585,-1.22703597668263,-37.9857178943427,-10.848544632709,23.8320654402164,NaN,NaN,NaN,179.912021716484,0.118858967000039,0.0287811906289548
63.8,5.38499549975147,4.09269817629524,6.59341386405536,-23.1114360303933,12.0616118482654,8.10959869734402,-43.7294747419724,-1.89015787967465,-9.21045077534237,-47.8723816910927,-37.2621152902011,-54.49177180317,0.0169591223322773,11.9868466900279,-0.111811037882901,15.7187586984638,-7.11176416702586,-32.372323035007,-4.14380330493536,11.3383666572377,-0.051424253531392,17.2487342365839,-0.371156696937703,-19.9671219600273,-2.59511814189916,10.3314795824136,2.69782544147074,2.69330846092383,22.5266121947731,-106.132788614161,8.5869156567888,7.72072504397304,-0.808490719584664,14.9084138951416,15.2769924612983,-32.6536932976676,-1.67743457024507,9.71884925065569,-0.310627315376853,-1.3305964979326,21.3058951374881,-67.7458967847452,1.30432728119772,9.73724965637463,-1.32854257959597,-36.9344351953226,-10.0590521798723,22.6565842270073,NaN,NaN,NaN,184.944337757158,0.119786125969926,0.0284970959493487
63.805,5.40208386037119,3.41767212394298,6.10827466840532,-23.0476923440451,12.7487372696207,9.08358052460356,-43.7291276584491,0.0694167046645689,-7.88320655099592,-48.0370057461415,-32.9248110097568,-51.2187956022073,0.0116388511926706,12.0255236434326,-0.148842966389197,15.6460402667672,-7.43353180490078,-32.0965819429939,-4.06011902035394,11.4071025532985,-0.122153229711393,17.3073652856638,-0.714871685147354,-19.0458765498679,-2.62814063370473,10.3753391298612,2.65961854050919,3.12775169974048,23.9131734597113,-110.947816037716,8.53512831393725,7.76375769345068,-0.810098284022954,14.659070805757,15.2258644432638,-35.2139384943364,-1.83732696312961,9.64525288619898,-0.352826261683399,-1.52055669432439,21.082434188185,-65.9145740996128,1.27334405492039,9.6199689749857,-1.43343152183152,-35.7871168294312,-9.28061228379976,21.4447983244302,NaN,NaN,NaN,191.322160625396,0.120606404738247,0.0280759180313739
63.81,5.41555156011441,2.69353994864336,5.57999826493083,-22.9809291663558,13.3526355378616,10.001008517257,-43.7186034075982,2.10485017016316,-6.39159116454018,-48.1794001977651,-28.4788903246973,-47.6478667779489,0.000421597478221077,12.0581840101206,-0.194602558932854,15.6023042083053,-7.68129892412718,-31.7381907780717,-3.97197967799494,11.4702014213854,-0.203949083977011,17.3629881554688,-0.98018828452537,-18.1289179607432,-2.66559396137543,10.4185476337262,2.61607107919835,3.4364823172958,25.2532845737473,-115.859773454333,8.47757523534209,7.80857819968353,-0.816956874228989,14.425562298217,15.1138970615832,-37.8367417356005,-1.98150590265839,9.5924491070575,-0.400769959908099,-1.64524701435639,20.8299397565091,-64.0583179062161,1.23474256243281,9.52776401303966,-1.5387712857418,-34.5673044549519,-8.524032698371,20.2027151718563,NaN,NaN,NaN,199.236479545658,0.121108104250214,0.0275502616790684
63.815,5.4251353536279,1.91675870269844,5.00825082030313,-22.911599711942,13.8658908827756,10.8568297591961,-43.6976332405317,4.1940334133069,-4.75131331653413,-48.2992330871515,-23.9665778773135,-43.8164024677739,-0.0175147253203175,12.084203059034,-0.249165782263309,15.5896981381135,-7.84841450928285,-31.2908442829588,-3.88008371084193,11.5266799850632,-0.29634101054801,17.4152364959909,-1.16000647580496,-17.2175104188081,-2.70840128348875,10.4602734893225,2.56800954166064,3.59385875563042,26.528781274643,-120.856833498003,8.41403446820192,7.8551528177019,-0.829224698777555,14.2090361462132,14.9486443312439,-40.4948472638412,-2.1094330023943,9.56088823933117,-0.453493371067123,-1.70950100834734,20.5548700707207,-62.1915864651614,1.19103703437648,9.46100325788293,-1.64187174521022,-33.2981529492838,-7.79857208300402,18.9352367151191,NaN,NaN,NaN,208.885340874101,0.121032876152792,0.0269635208302779
63.82,5.43055178423514,1.08328612144832,4.39207089915249,-22.8401958131752,14.2807797533569,11.6454647973524,-43.6660591678727,6.31481453181056,-2.98007333029572,-48.3963784888622,-19.4290803421282,-39.7639760035626,-0.042838346640626,12.1029757475457,-0.312404437300787,15.6099835902877,-7.92838636810897,-30.7483093095394,-3.78524065670195,11.5755626149868,-0.398605949407334,17.4635137364988,-1.24750597119199,-16.3132435072979,-2.75754734983034,10.4996533733149,2.51642871821958,3.57416729190668,27.7224916198245,-125.925928218502,8.34432562611219,7.90329600120483,-0.846938837017339,14.0100886413528,14.738438991724,-43.1609392771989,-2.22080330457366,9.55038744931136,-0.510006293917331,-1.71928934223337,20.2636073886095,-60.3274427038186,1.14466422843156,9.41931590788852,-1.74033749328352,-32.0019469909931,-7.11179697436133,17.6463759125038,NaN,NaN,NaN,220.525057037041,0.120101162263387,0.02635250533028
63.825,5.43149537790353,0.188718733678509,3.7298498326132,-22.767248914513,14.5893797324167,12.3608264279293,-43.6238319537118,8.44544283217624,-1.09719755304743,-48.4709082489385,-14.9059520152514,-35.5316620668241,-0.0760508469456949,12.1139309968984,-0.383985743996457,15.6645027390488,-7.91490077558994,-30.104607266908,-3.68837346382155,11.6158995273148,-0.509778084192546,17.5069639029403,-1.23617513687853,-15.4180978799608,-2.81406383924664,10.5358106369216,2.46247337083924,3.35220999203381,28.8187917609119,-131.052484294388,8.2683203711915,7.95268434908629,-0.870009088721207,13.8287911936297,14.4921529519633,-45.8081779655883,-2.31554244384927,9.56015710963542,-0.569305999947241,-1.68149143334339,19.9623297876352,-58.4774774542414,1.09791803612795,9.40164575750389,-1.83210377508351,-30.6996549129207,-6.46948377947995,16.3394863573729,NaN,NaN,NaN,234.501413309296,0.118063173353332,0.0257368019634692
63.83,5.42763767306339,-0.771540968029241,3.01934268881572,-22.6933304440697,14.7836940886854,12.9963568727993,-43.5710069606808,10.5649986062073,0.876758690285006,-48.5230807665391,-10.434503520113,-31.1613642189589,-0.117478259457453,12.1165458865964,-0.463377218540197,15.7541517808008,-7.80184116440099,-29.3542024536514,-3.59051681737185,11.6467856701391,-0.628665023233485,17.5444456872437,-1.11983649713943,-14.5345024462656,-2.87900987647921,10.5678729001024,2.40741353957675,2.90393126559302,29.8041535044661,-136.220128922995,8.18595155428815,8.00287619011768,-0.898214762331605,13.6647271663388,14.2189553833084,-48.4107154101727,-2.39380507764739,9.58884531784523,-0.630387168961065,-1.60365604325881,19.6568991061263,-56.6517614037262,1.05288872891265,9.40632391801107,-1.91545627304577,-29.4105321993403,-5.87556984995685,15.0174964843653,NaN,NaN,NaN,251.237865364842,0.114778248737796,0.0251139118339312
63.835,5.41862720830182,-1.80209295231265,2.25771132456577,-22.6190514964759,14.8557895187532,13.5450837204979,-43.5077379681159,12.6537985129679,2.92043073729996,-48.5533270920598,-6.04926510413836,-26.6951378793425,-0.167266098720418,12.1103593771097,-0.549856700595971,15.8793616192947,-7.58330852317117,-28.492190835486,-3.49281096607324,11.6673798522149,-0.753870329951393,17.5745113295222,-0.892671200813715,-13.6653802565159,-2.95344721250388,10.5949881360307,2.35261392138618,2.20707218992589,30.6676670095364,-141.410377628148,8.09722067590865,8.05333577813038,-0.931204750566551,13.5170362464395,13.9280736203329,-50.9441796830558,-2.45597380975545,9.63459863535078,-0.692250041412692,-1.49375856203666,19.3527636999335,-54.8588250011036,1.01140911543443,9.43115698548755,-1.98903675554803,-28.1517849627915,-5.3321562503849,13.6831398461769,NaN,NaN,NaN,271.163349237381,0.110301350434476,0.0244662056993681
63.84,5.40409056150797,-2.90732935876925,1.44159982947194,-22.5450617755114,14.7979441928785,13.9996944153136,-43.434269133306,14.6937669619784,5.01207738075983,-48.562234666386,-1.78151486525502,-22.1745218637798,-0.225378274051643,12.094985173656,-0.642527231372593,16.0400863794575,-7.25364617027417,-27.5144836370254,-3.3964907479185,11.6769235949639,-0.883821833488454,17.5953918107968,-0.549244921287925,-12.8141805119909,-3.03840979313824,10.6163386284795,2.29949810993842,1.24184102170649,31.401521508419,-146.602316622192,8.00220342445411,8.10346088157803,-0.968501144637079,13.3844640097641,13.6285617449664,-53.3861162901635,-2.50265743869602,9.69513662590168,-0.753907832526758,-1.35996202440178,19.0548745708983,-53.1056650925208,0.975009762172974,9.47352688391583,-2.05183707409258,-26.938301345829,-4.83956306052186,12.3391730842628,NaN,NaN,NaN,294.58060535939,0.104925625349908,0.0237690219795654
63.845,5.38363450142634,-4.09121201632913,0.567241446654625,-22.4720477611255,14.6028028772077,14.3526284864751,-43.3509253095839,16.6687647444202,7.13001698752342,-48.5505290705373,2.34111916974271,-17.6398913929833,-0.291599776475898,12.0701233612155,-0.740336344365648,16.2358001203025,-6.80747139319376,-26.4179801358958,-3.30286976761892,11.6747591344284,-1.01680491225118,17.6049896935275,-0.0845375895959435,-11.9848944324499,-3.13486778543218,10.6311523239047,2.24950884014618,-0.00841234427456371,32.0014268064334,-151.772293303896,7.90105314372391,8.15261243242495,-1.00950652079596,13.2654148520315,13.3290815050501,-55.7163771713682,-2.53468711985532,9.76783737661261,-0.81439444498657,-1.21038808990649,18.7676137003041,-51.3977765828557,0.944885186750224,9.53049837505788,-2.10318417909426,-25.7824561944479,-4.39643603449591,10.9885735405999,NaN,NaN,NaN,321.497817035211,0.0991409640545287,0.0230087022228886
63.85,5.35684927685914,-5.35704491343864,-0.369405179041607,-22.4007300827679,14.2635356715045,14.5961861378861,-43.2581009732623,18.5648672643201,9.25305696234159,-48.5190541911756,6.2949758723345,-13.1298450249866,-0.365542966092066,12.0355704739203,-0.842099214208903,16.465501908316,-6.23971612602246,-25.200724284079,-3.21331994849626,11.6603459740422,-1.150999725842,17.6008806958503,0.506020831515095,-11.1820531308508,-3.24368656546847,10.6387112854274,2.20406569435663,-1.55653079908752,32.4669585762207,-156.893628967882,7.79400216962067,8.20014485434498,-1.05351489985854,13.1580070422848,13.0377000541499,-57.9174487937134,-2.55310896615639,9.84983088665748,-0.87277337783262,-1.0529033670738,18.4947339912941,-49.7392069394116,0.921872565526861,9.59893013639964,-2.14271874663602,-24.6939916738611,-3.99990127980496,9.63470900828471,NaN,NaN,NaN,351.477792616105,0.0935234302798185,0.0221873263974741
63.855,5.32331303106704,-6.70724915842455,-1.37249376202478,-22.3318600988988,13.7739967738345,14.7226512872148,-43.1562480430878,20.3705860349232,11.3609066671076,-48.4687512340495,10.0605914252447,-8.6806372495834,-0.446657234491225,11.9912277096126,-0.946525018915079,16.7277291458847,-5.54567840964127,-23.8620402252535,-3.12924694795697,11.6332753972163,-1.28452119037851,17.580324752745,1.22650661301225,-10.410706165898,-3.36558166986715,10.6383571635057,2.16452196221411,-3.41090669896069,32.8018112103245,-161.936367884595,7.68136105587418,8.24543571564283,-1.09972623672789,13.0601292317967,12.7617088717356,-59.9747124293854,-2.55917173082132,9.93809701530183,-0.928148474441499,-0.89492561926644,18.2393109691838,-48.1326308856181,0.906444007913434,9.67558537101651,-2.17036971536752,-23.6799738710219,-3.64576244050322,8.28147293275832,NaN,NaN,NaN,383.565325976038,0.0886032551468277,0.0213226203049794
63.86,5.2825972903898,-8.14314813544473,-2.44610657744558,-22.2662157006169,13.1288796563762,14.7244266694402,-43.0458629001458,22.0770285883902,13.4345642541336,-48.400637033411,13.6228401276897,-4.32566750409619,-0.534241771840111,11.9371070608108,-1.05224580200993,17.0205787386365,-4.72108583555782,-22.4026424032354,-3.05206216677139,11.5932823953389,-1.41546036820836,17.5402869157729,2.08044904386423,-9.67638005189012,-3.5010712461626,10.6294937946386,2.13212246652097,-5.57487469316176,33.0139433983613,-166.867076737313,7.56351578569654,8.2879134380522,-1.1472641488792,12.9694982365635,12.5074680755108,-61.8766314755791,-2.5543084998547,10.0295646029711,-0.979676808210353,-0.743253583143037,18.0037071615126,-46.5794422082435,0.898712844670788,9.75723814152255,-2.18632659050889,-22.7448229812175,-3.32873284322926,6.93337950318375,NaN,NaN,NaN,416.336585613438,0.0847667849081466,0.0204466367142606
63.865,5.23427343789538,-9.66477049887867,-3.59405449497596,-22.2045963751169,12.3238650999903,14.5941782190893,-42.9274729322681,23.6779935755116,15.4566684748558,-48.3157821101481,16.9709846525647,-0.0950351316960137,-0.627461125086718,11.8733352023197,-1.15784707305374,17.3417353595249,-3.76217149317692,-20.8247167311356,-2.98315227818537,11.540254550562,-1.54192589126519,17.4774679910454,3.07076675718919,-8.98501667775285,-3.65042806557474,10.6115872033302,2.10796414427449,-8.04615509728544,33.1156038633932,-171.648708240699,7.44092314117972,8.32708193075057,-1.1951964491197,12.8837182330386,12.2802800857189,-63.6148626115265,-2.54011174260526,10.1212084249052,-1.02658360948665,-0.603923356603529,17.7895507215133,-45.0798592824769,0.898453674649225,9.84077201180905,-2.19101085597753,-21.8904125262274,-3.04269339313116,5.59561455802184,NaN,NaN,NaN,448.078111372386,0.0822193751600184,0.0195932565046322
63.87,5.17792004615028,-11.2706783490308,-4.81966702870712,-22.1478175817387,11.3557586756454,14.324985628258,-42.8016229344349,25.1699995666714,17.4118073732561,-48.215288924766,20.0986370764438,3.98483168004411,-0.725363188139762,11.8001550480974,-1.26189936056749,17.6885057554011,-2.66576213371591,-19.1319701763559,-2.92384733958524,11.4742375280442,-1.6620840544506,17.3883443439252,4.19969331033554,-8.34289228947627,-3.81363363382398,10.5841634251401,2.09296100683816,-10.8163626433709,33.1232279848002,-176.240542829256,7.31410446412269,8.36254120711237,-1.24255791708992,12.8003416135913,12.084296156796,-65.1842896461445,-2.51830158967115,10.2101408090754,-1.06817873488871,-0.482093555534354,17.5977302263131,-43.6330407681244,0.905135160518282,9.92326810831177,-2.18504731161824,-21.1162312758417,-2.78096586854147,4.2740400522982,NaN,NaN,NaN,477.063291078901,0.0809954717874906,0.018798888125688
63.875,5.11313090918433,-12.9578273931821,-6.12557918329588,-22.0967045093065,10.222614486445,13.9104957510014,-42.6688616950856,26.5522478698478,19.2867768488411,-48.1002707539604,23.003634161115,7.89146664387733,-0.826899215005298,11.717924961269,-1.36298993070469,18.0578577638176,-1.42937741134313,-17.3296470732347,-2.87538861676858,11.3954369725271,-1.77419630193884,17.2692158545358,5.46869249828851,-7.75651838495852,-3.99033728840784,10.5468047259193,2.08781482580834,-13.8705956984036,33.0572003446254,-180.59822254699,7.18363807303551,8.39400327553356,-1.28837463723078,12.7169316217136,11.9224586002617,-66.5829810225385,-2.49068778376284,10.2936950404349,-1.10387382088406,-0.381960686843834,17.428407582698,-42.2372079775501,0.917963831398885,10.0020803294858,-2.16923568097917,-20.4196001595782,-2.53659075524026,2.97515188228667,NaN,NaN,NaN,501.8723333146,0.0809941755142416,0.0180971383637729
63.88,5.0395235835787,-14.7214651211198,-7.51352225610574,-22.0520852978904,8.9238422832207,13.3450753923864,-42.5297290876794,27.8265214812307,21.0707833526558,-47.9718315922606,25.6878323399359,11.606571340284,-0.93094539439262,11.6271156673031,-1.45975390851509,18.4464624780435,-0.0513382813321326,-15.4245114583435,-2.83889724149221,11.3042167610969,-1.87665298242831,17.116260642294,6.87836461752226,-7.23252652415442,-4.17982334591306,10.4991449810515,2.0929925402854,-17.1871210282032,32.9414833627168,-184.6738913518,7.05015059595697,8.4213028585077,-1.33168915226678,12.6311265474932,11.7964805804102,-67.8120740392391,-2.45912632281734,10.3694980647132,-1.13319899164213,-0.306705442250305,17.2810505861696,-40.8897706468747,0.935936520128474,10.0748960889949,-2.14452245803239,-19.7959354315287,-2.30259888306672,1.70599295988895,NaN,NaN,NaN,521.687587072815,0.0820189933383657,0.0175171887854617
63.885,4.95674822340519,-16.5550720347168,-8.98412590341862,-22.0147838207655,7.46029542497663,12.6239599830032,-42.3847439676518,28.9970240055504,22.7555864290746,-47.8310474441956,28.1568296130317,15.1161339419541,-1.03632547598058,11.5283049794124,-1.55090408068198,18.8507378355782,1.46911798045392,-13.4247956839566,-2.81534474195425,11.2010937271466,-1.96800246562164,16.9255949341948,8.42834551965181,-6.77753964281757,-4.38098932517122,10.4408651736469,2.10871099497854,-20.7371688583084,32.8031178249087,-188.416455526673,6.91430744792228,8.44440276182408,-1.37158563610701,12.5407047667663,11.7068642093486,-68.8755908463714,-2.42547232410668,10.4355304767555,-1.15581784310934,-0.258469892895643,17.1544859435995,-39.5874532137934,0.957898597686697,10.1397816402128,-2.11197271225706,-19.2390486475757,-2.07226681597887,0.474025408829503,NaN,NaN,NaN,536.49010471813,0.0838092538714381,0.0170764568336077
63.89,4.86449647438311,-18.4503498044067,-10.5367386881306,-21.9856121330253,5.83433754803465,11.7433946943389,-42.2343931478523,30.0701639598674,24.3355783953525,-47.6789493289008,30.4196230589356,18.4104602810979,-1.1418339004873,11.4221704979446,-1.63525871137636,19.2668918372086,3.13171909000911,-11.3401164572924,-2.80552634644635,11.0867291305451,-2.04697498263378,16.6933363572334,10.1172007729988,-6.39803295219027,-4.59233800564623,10.3716901262241,2.13492923565741,-24.4848523712922,32.6716069381825,-191.771976425239,6.77680264428055,8.46339396607217,-1.40721427843473,12.4436493326332,11.6529563644528,-69.7801931056308,-2.39153102946813,10.4901723118775,-1.17153941883358,-0.238364867624066,17.04697257141,-38.3264191747203,0.982604899335623,10.1952116741643,-2.07274147465125,-18.7414735992992,-1.83934711125697,-0.713032496969801,NaN,NaN,NaN,547.092055884268,0.0860726331124126,0.0167763069265128
63.895,4.76251017977741,-20.3972589211288,-12.1692739967552,-21.9653627019677,4.04988621152717,10.7007646907698,-42.0791216916221,31.0542912460218,25.8078001120945,-47.5165082694456,32.48821189102,21.4841188880674,-1.24625886259009,11.3094804919313,-1.71176676343248,19.69096365697,4.93503858880389,-9.18136024007439,-2.81003777905547,10.9619172956885,-2.11250085842795,16.415668997567,11.9423176018885,-6.10018788966617,-4.81198558720048,10.2913876584482,2.17134823448331,-28.3872249124393,32.5782012681086,-194.684205192402,6.63834810970348,8.4784907290014,-1.43781409549276,12.3382102667676,11.6330402768087,-70.534883799378,-2.35900910929203,10.5322337289617,-1.1803260298553,-0.246506131451672,16.9562938319319,-37.1023916232692,1.00878018307178,10.2400834846869,-2.02804438486271,-18.2948101958547,-1.59826610071258,-1.8473975860119,NaN,NaN,NaN,554.967809455185,0.0885058411279802,0.0165984505374803
63.9,4.65058964470759,-22.3841070139851,-13.8780876533049,-21.9548005410128,2.11243219098286,9.49471143023283,-41.9193247230815,31.9593937081627,27.1718934875476,-47.3446224849499,34.3771568991826,24.3358036004475,-1.34840472879634,11.1910832090498,-1.7795299871185,20.1188610935623,6.87637947436066,-6.96054060018406,-2.82925606372378,10.8275719610644,-2.16372311864597,16.0889087786893,13.8997975251711,-5.88974284221878,-5.03768751665842,10.1997713397843,2.21741762519386,-32.3944870467612,32.5551072248966,-197.095265331791,6.49966261814554,8.49002116308239,-1.46273343848572,12.2229622369006,11.6444595702324,-71.150665978035,-2.32946849142009,10.5609702520042,-1.18229603351906,-0.282077342626476,16.8798661875082,-35.9107686201642,1.03517612794855,10.2737165262555,-1.97912747761212,-17.890075359581,-1.34428364688694,-2.9214330605056,NaN,NaN,NaN,561.912636019176,0.0908302008262811,0.0165110680349105
63.905,4.52860120692338,-24.3976875568286,-15.6578927830195,-21.9546553735672,0.0290334891140127,8.12523220558516,-41.7553409102699,32.7967625623063,28.4299930214156,-47.1641069463625,36.103107717453,26.9681191811188,-1.4471132405219,11.0678948890385,-1.8378214241957,20.5463931353436,8.95166387054714,-4.69063062585686,-2.86332464984544,10.6847109727697,-2.20000475008374,15.7095680413921,15.9843527854497,-5.77184449093332,-5.26688267136225,10.0967078687029,2.27234882477579,-36.4503541686335,32.6346463366949,-198.94648406832,6.36146047884622,8.49841388750461,-1.48144756225938,12.0968550134184,11.6837701316635,-71.6401692002647,-2.30428484490059,10.5760827957749,-1.17772104398097,-0.343417149357789,16.8148606371376,-34.7467325631222,1.06062225280032,10.2958386314897,-1.92723629540721,-17.5180512614085,-1.0736112860423,-3.92787086344106,NaN,NaN,NaN,569.629660260893,0.0928191260249314,0.0164735216139578
63.91,4.396483870774,-26.4234672298997,-17.501716513591,-21.9656139559677,-2.19171648009734,6.59376044879319,-41.5874477299028,33.5786360734467,29.5865602753282,-46.9756853980991,37.6843096527297,29.3872970395034,-1.54128295896492,10.9408867735261,-1.88609997492356,20.9692968403571,11.155331859343,-2.38537389860849,-2.91214299107968,10.5344400015242,-2.22093114987696,15.2744186169626,18.1892097639692,-5.75090362507873,-5.49675559014826,9.98212985037409,2.33513381063099,-40.4925935225879,32.8483960396932,-200.179367497266,6.22444006989018,8.50418144566772,-1.49357273797981,11.9592540158397,11.7469140184111,-72.0172550140112,-2.28461260085275,10.5777032173608,-1.16701746131614,-0.428127183875721,16.7583323364938,-33.6053531638394,1.08406867882643,10.3065604937781,-1.87358488038379,-17.169621627955,-0.783487190895357,-4.86003581800051,NaN,NaN,NaN,579.375324303886,0.0943383992723104,0.0164500247298562
63.915,4.25425477690032,-28.4458187747218,-19.4009019751808,-21.9883126894382,-4.53974669409457,4.9032246871224,-41.4158585741026,34.3178311600122,30.6481666065443,-46.7799848889896,39.1401018218714,31.6028495792438,-1.629886455487,10.8110714101366,-1.92402078329942,21.3832582359399,13.4802524234201,-0.0590777928675949,-2.97536056815921,10.3779359619837,-2.22630848874534,14.7805531197763,20.5060226315262,-5.83045915956678,-5.72431537615661,9.85605435828732,2.40456880874368,-44.4537371308586,33.2263447996733,-200.736707756005,6.08927232306136,8.50790122805243,-1.49887653371376,11.8099684101612,11.8294086142378,-72.2966130303773,-2.27135801228652,10.5663665940887,-1.15073263238215,-0.533197129216563,16.7073530619125,-32.4816839627193,1.10461931278297,10.3063402540481,-1.81932555572153,-16.8360873788712,-0.472208370944964,-5.71206216009094,NaN,NaN,NaN,591.771463950704,0.0953585861225272,0.016412396544192
63.92,4.10201330280897,-30.4482948182541,-21.3451578074021,-22.0233306498498,-7.00359208232794,3.058084432706,-41.2407217109061,35.0273726392933,31.6232307745472,-46.5775327985145,40.4904180949919,33.627172865829,-1.71198481862759,10.6794885398517,-1.95144130485396,21.7839274769654,15.917649260869,2.27360694637634,-3.05237525334315,10.2164307641332,-2.2161588222631,14.2254445889349,22.9248005100902,-6.01305387835748,-5.94648882560461,9.71860716273003,2.47928220206307,-48.2619740995889,33.7960947809661,-200.563803245306,5.95658928975182,8.51019465074867,-1.4972840391785,11.6492646023561,11.9265435110659,-72.493358953785,-2.26516127556966,10.5429718218883,-1.12952635489014,-0.655142504424204,16.6591407354011,-31.370852509007,1.12155472242355,10.2959401688109,-1.76552069094783,-16.5094535002297,-0.139122365232847,-6.47909337930179,NaN,NaN,NaN,606.814492565673,0.0959448879935463,0.016338948748265
63.925,3.93994361851249,-32.4139368593261,-23.3226560385181,-22.0711831609299,-9.57050221603257,1.06434169508297,-41.0621210629323,35.7201295947858,32.5217190906822,-46.3687562894182,41.7553018193015,35.4751081976738,-1.78673913554327,10.5471908348586,-1.96842302391173,22.166929020146,18.4570440512981,4.59791627589399,-3.14233586999548,10.0511959332592,-2.19071279978941,13.6070049269728,25.4338514169768,-6.30012514134626,-6.16022432927004,9.57005191033907,2.55776606283335,-51.842221946433,34.5821437846601,-199.609765694102,5.82697296625697,8.51170532101947,-1.48887996183224,11.4778635728497,12.0335771970344,-72.6226453648962,-2.26638820096124,10.5087324473711,-1.10414876413074,-0.790150385105343,16.6111801427755,-30.2681444110073,1.13434465346016,10.2763773901469,-1.71311780096808,-16.1826798461289,0.215417740811868,-7.15745693243309,NaN,NaN,NaN,624.03741163747,0.0962225729600454,0.0162180396488951
63.93,3.76831555628097,-34.3256124462864,-25.3201778072091,-22.1323160313677,-12.2265740875443,-1.07047277589841,-40.880078723481,36.4084678902527,33.3548166021108,-46.1539840667593,42.9544445317639,37.1634737614786,-1.85341871047601,10.4152297225176,-1.97522888096187,22.5278680231996,21.0862195806223,6.89920842275204,-3.24414880289765,9.88352850479352,-2.15040074064623,12.9236427695131,28.0197462214988,-6.69191345751374,-6.36260221096268,9.41082287765105,2.63841081686792,-55.117371844979,35.6052746682884,-197.828881093068,5.7009446187517,8.51307688613844,-1.47390666370094,11.2969212692397,12.1459256344814,-72.6992951413062,-2.27513137912475,10.4651198836649,-1.07541587032697,-0.934227999266605,16.5613292806934,-29.1690814321549,1.14265074965475,10.2488708697772,-1.66292933077159,-15.8498895134019,0.590129914533105,-7.74480638095903,NaN,NaN,NaN,642.740375694015,0.0963309638444858,0.0160477119071079
63.935,3.58748369353494,-36.1663725491869,-27.3233049879568,-22.2071005689612,-14.9569075186962,-3.33733898603213,-40.6945590875439,37.1039271873963,34.1345783665988,-45.9334502773982,44.1067578721986,38.7105778530358,-1.91140590393844,10.2846414945872,-1.97231655329371,22.8623345146838,23.791204967429,9.16320073355084,-3.35648855394073,9.71473844449178,-2.09584268439358,12.1743214350622,30.667305746378,-7.18739146304382,-6.55094647081455,9.24155924428052,2.71954262013436,-58.0096969748457,36.8820749464742,-195.181985738325,5.57895491221869,8.51493121961104,-1.4527583319604,11.1079921584907,12.2593352353157,-72.7374661980609,-2.29122029293496,10.4138013094923,-1.04418412289663,-1.08334905345306,16.5079064493389,-28.0694936909081,1.14632054781114,10.2147863239527,-1.61561831648407,-15.5065295773905,0.982905501258397,-8.24022478621137,NaN,NaN,NaN,662.203745652232,0.096391250022116,0.015834397901088
63.94,3.39788459212781,-37.9198202814606,-29.3166543941615,-22.2958294755004,-17.7457813078524,-5.72581297404176,-40.505474437659,37.8169299770053,34.8735701773671,-45.7073003437428,45.2299867311196,40.1357251513173,-1.9601976150167,10.1564338629981,-1.96032779895594,23.1659070689108,26.5562850777547,11.3762035367706,-3.47781220353474,9.54613767278421,-2.02783779735789,11.3586174259246,33.3596139842085,-7.78421546496216,-6.72293244439374,9.06313819393763,2.79946303761806,-60.4424065586918,38.4246019403492,-191.637814335006,5.46137520301806,8.51784755428781,-1.4259715731492,10.9129769623533,12.3700335714876,-72.7503548014894,-2.31423940377345,10.3565746110369,-1.01132535912856,-1.2335927783205,16.4497542179858,-26.9655858383787,1.14537419619329,10.1755810750986,-1.57169080165358,-15.1494803237259,1.39093096534788,-8.64428470986788,NaN,NaN,NaN,681.827971467757,0.0964908476445114,0.0155960577170413
63.945,3.20003218464312,-39.570481496918,-31.2841499046214,-22.3987137144814,-20.5768477961855,-8.22411748373658,-40.3126917919659,38.5565291386145,35.5845081398494,-45.4755984919599,46.3403703565509,41.4587272578563,-1.99940358600199,10.0315730875139,-1.9400741247755,23.4341577456086,29.3640360816816,13.5253467103578,-3.60637781441271,9.37903059661369,-1.94735326186053,10.4767795730037,36.0780601826376,-8.47870132903052,-6.87668471198732,8.87670362634431,2.87649053654069,-62.3413208380974,40.2402000698832,-187.174274735974,5.34849039363151,8.5223431254681,-1.39421278782755,10.71405648694,12.4748523543924,-72.7499431286422,-2.34355292374164,10.2953027008385,-0.977703356058841,-1.38127105069888,16.3862776605757,-25.8539968705398,1.13998556751658,10.1327504336461,-1.53149544901506,-14.7771106575138,1.81082271354359,-8.95906183958482,NaN,NaN,NaN,701.183371779788,0.0966785219863779,0.0153538277593848
63.95,2.99451134759398,-41.1041674098083,-33.2093266248303,-22.5158804300857,-23.4333431208619,-10.8192572145057,-40.1160407948656,39.3301994200212,36.2799062950359,-45.2383367083225,47.4523567274658,42.6994281738823,-2.02874187185424,9.91097177080646,-1.91251907555128,23.6626599223998,32.1953890140843,15.5987946322701,-3.74026687928508,9.21470588778636,-1.8555125216466,9.5297883537982,38.8024123018377,-9.26582611027783,-7.01085972683047,8.68368692663953,2.94900313370427,-63.6366344947919,42.331467225135,-181.779603714661,5.2404937622544,8.52885583894091,-1.35826271844323,10.5136142411057,12.5713187142035,-72.7467950846974,-2.37833478290519,10.2318494431132,-0.944152964555341,-1.52303954963235,16.3174557012386,-24.7318530225195,1.1304595054486,10.0877771080067,-1.49523026737642,-14.3892790865071,2.23876900675743,-9.18810101499912,NaN,NaN,NaN,719.985831936989,0.0969702904342826,0.0151305056114905
63.955,2.78196975111632,-42.5083192955705,-35.0756600903728,-22.6473719803198,-26.2983100468437,-13.4971574046376,-39.9153224098357,40.1436770060267,36.9717410437058,-44.9954448382526,48.5783740140137,43.8772546092217,-2.04803196548663,9.79547739580352,-1.87875747178703,23.8470003804224,35.0297231516247,17.5859452233486,-3.87741094255917,9.05442911024444,-1.7535825377462,8.51941420270834,41.5109240696945,-10.1392564440228,-7.12470809340231,8.48581616282851,3.01548128397453,-64.264728278749,44.6963573030414,-175.453360312544,5.13748415883346,8.53772943170326,-1.31899858001699,10.3141511570052,12.6577125140281,-72.7499027244097,-2.41760222014477,10.1680192372207,-0.911462495785666,-1.65598971421367,16.2438259193343,-23.5968130267576,1.11720687449471,10.042084935029,-1.46295583272856,-13.9872815012975,2.67067360528001,-9.33633519411018,NaN,NaN,NaN,738.035493938599,0.0973615407233488,0.0149417884951246
63.96,2.56310812336556,-43.7723255501299,-36.8669125808119,-22.7931461300648,-29.1548299489783,-16.2428240783023,-39.7103181595388,41.0008500593495,37.6711404738008,-44.7468015310881,49.7286614328816,45.0108000293009,-2.05718618150797,9.68586167108934,-1.8399919547144,23.9827966270585,37.8449909634349,19.4776088899542,-4.01562249653172,8.89943570590966,-1.64295954974932,7.44827283931663,44.1804775203153,-11.0914043256387,-7.21811222056852,8.28511032200432,3.0745498030124,-64.1699813533626,47.3283967282827,-168.207217721118,5.03946589513549,8.54920154774794,-1.27737418891602,10.1181961292552,12.7330892196434,-72.7665840189199,-2.46025146609209,10.105502070062,-0.880359686947643,-1.77771924300236,16.1664446172268,-22.447104916878,1.10071890371986,9.99699801164961,-1.43461387967447,-13.573748833404,3.10229663175595,-9.40995960785002,NaN,NaN,NaN,755.159864878916,0.0978314222708734,0.0147997584960926
63.965,2.33866911385664,-44.8878019017596,-38.5674878724054,-22.9530774313404,-31.986260255104,-19.0405238751941,-39.5007996505925,41.9037017892463,38.3881058548858,-44.4922457295368,50.9111603102279,46.1174501834203,-2.05619996144052,9.5828107527494,-1.79750723204662,24.0657199874663,40.6178762556847,21.2661633581164,-4.15263014977358,8.75092380994748,-1.52515275790022,6.31987484659978,46.7867624381517,-12.1135104961696,-7.29159617720256,8.08385579013235,3.12501733165326,-63.3065306455233,50.2169848893853,-160.065521140086,4.94635154921141,8.56339510364352,-1.23439850549245,9.92821624380396,12.7972695743363,-72.8024312245549,-2.50509412604592,10.0458255562027,-0.851501236476602,-1.88637994037757,16.0868252286051,-21.2815535359209,1.08154205605047,9.9537060836689,-1.41004973646363,-13.1524994684166,3.52938905668067,-9.41626494553086,NaN,NaN,NaN,771.192051220524,0.0983528954744937,0.0147032855484319
63.97,2.10942498204142,-45.8488263630871,-40.162785246005,-23.1269597986742,-34.7764734667894,-21.8739809898414,-39.2865381192236,42.8523062738171,39.1312715673797,-44.2315884058658,52.1314647342541,47.2130565560129,-2.04514177436336,9.48691642282336,-1.75264245746897,24.0915245111525,43.3239868380769,22.9456806859765,-4.28611788746092,8.61004638652979,-1.40176535884029,5.13866602921742,49.3044934923809,-13.1957552046535,-7.34630594062367,7.88456324269045,3.16591163345974,-61.6399188463108,53.3477426844333,-151.065587168396,4.85796776258386,8.58031325714416,-1.1911130076108,9.74653046869596,12.8507988741409,-72.8613077871532,-2.55089307643174,9.99031515504105,-0.825465606876754,-1.98070279820326,16.0068591442087,-20.0995979687514,1.06025434744546,9.91323681430338,-1.38903681765264,-12.7283529246685,3.94781810521434,-9.3634348482115,NaN,NaN,NaN,785.989401635656,0.0988984874516048,0.0146453634418782
63.975,1.87616437425042,-46.652121558176,-41.6395433051783,-23.3145102675043,-37.5100937660051,-24.7265883846073,-39.0673137393687,43.8448759709689,39.9077086107017,-43.9646242566509,53.3928298429413,48.3116627826717,-2.02414325644556,9.39866832271484,-1.70676221869751,24.056081272729,45.938082552702,24.512023173211,-4.41376800531585,8.47790225282553,-1.27447248734734,3.91005456136537,51.7076650192438,-14.3273956249397,-7.38395978206392,7.6899044189602,3.19650893393285,-59.1485701819502,56.7028704472938,-141.257729381834,4.77406394506585,8.59983820625523,-1.14856831728079,9.57523024893228,12.8948799094428,-72.9453905770754,-2.59639692636988,9.94006340062353,-0.802748575364496,-2.06000123047764,15.9287237009135,-18.9012982736698,1.03744371170821,9.87643531753065,-1.37130129775956,-12.3069126730457,4.35368168259568,-9.26031422138918,NaN,NaN,NaN,799.472456769835,0.0994391691180665,0.014612254704943
63.98,1.63967848266693,-47.2971783167395,-42.9861641632976,-23.5153739035122,-40.1727272016163,-27.5816301166494,-38.8429244462363,44.877858626506,40.7227756163928,-43.6911430839322,54.6962345437947,49.4252876146135,-1.9933901644659,9.31844736237674,-1.66122665130299,23.955417248446,48.4343388072037,25.9629054710454,-4.5333070235607,8.3555256860954,-1.14499583279265,2.64042067276158,53.9698424062189,-15.496928654064,-7.40677019269684,7.50262982646126,3.21635560218897,-55.8250331367195,60.2614768791995,-130.705004039393,4.69432363396748,8.62173393375626,-1.10780051196421,9.41610992889126,12.9312845793547,-73.0552533062153,-2.64037233356575,9.89590861599521,-0.783760883429564,-2.12415429432428,15.854782404664,-17.6873311410105,1.01368869517583,9.84395110226345,-1.35654516951341,-11.8943269720402,4.74341058837201,-9.11615588009679,NaN,NaN,NaN,811.657331701517,0.0999506842550351,0.0145869322036081
63.985,1.40074690338106,-47.7863158571498,-44.1930088319604,-23.729129811145,-42.7511815265442,-30.4225113453079,-38.6131940454332,45.9460801606063,41.58002001356,-43.4109406123654,56.0404943133318,50.5637665368712,-1.95311461489481,9.24652045290352,-1.61736123428705,23.7857576670315,50.7866448431854,27.2979209324551,-4.64255360033648,8.24387448138854,-1.01507499218687,1.33710468498155,56.0644878787796,-16.6922771963017,-7.41734042690173,7.32547013246079,3.2252807661246,-51.6769323233777,63.9998444455687,-119.482678589889,4.61837810266127,8.64565287855117,-1.06980756458557,9.27060927512943,12.9622497714494,-73.1899862331673,-2.68163367908757,9.85842322640124,-0.768827302498393,-2.17357248298069,15.7874824556774,-16.4589744436091,0.989541508263547,9.81623233868687,-1.3444661294162,-11.4970371507529,5.11385783009947,-8.94035378117193,NaN,NaN,NaN,822.657486143103,0.100410141004368,0.014555192954516
63.99,1.16012352612442,-48.1246754513044,-45.2526551820755,-23.9552981706636,-45.2336719036932,-33.2329923723841,-38.3779793998583,47.0429291149473,42.4811306891541,-43.1238285188036,57.4224187123226,51.7346526813508,-1.90358894569079,9.18303674198123,-1.57642685329287,23.5435705977385,52.9689348658026,28.5185311079865,-4.7394671944108,8.14381653644463,-0.886435968125543,0.00836963974224611,57.9653172343081,-17.9009973264818,-7.41854033388112,7.16102567987762,3.22339891918474,-46.727577896601,67.8916039347279,-107.677433323956,4.5458216952298,8.6711463733098,-1.03552637057899,9.13976965475564,12.9903633346568,-73.347346719824,-2.7190697869627,9.82791145225894,-0.758186495847564,-2.20914922720564,15.7292543593094,-15.2180810335982,0.965513282421212,9.79352713808315,-1.33477311220136,-11.1215228691918,5.46237475055613,-8.74217155542473,0,0,0,832.653449648548,0.100797270581313,0.0145096267391391
63.995,0.918522795478948,-48.3201461291377,-46.1601106400763,-24.1933482149411,-47.6100088555405,-35.9974229199197,-38.1371765130798,48.1605773557544,43.4259421882419,-42.8296434818148,58.8370073978135,52.9431762575845,-1.84512138075429,9.12802556387426,-1.53959074188098,23.2256125703636,54.9555489073604,29.628018255189,-4.82219600086238,8.05611526971742,-0.760757587926821,-1.3366644325233,59.6466827784741,-19.1105029206779,-7.41336755979638,7.0116500479651,3.21110217729183,-41.0161903518662,71.9078011457216,-95.3863129559385,4.47622828616035,8.69767854842499,-1.00581083510152,9.02420470664901,13.0184458780189,-73.5239348624098,-2.7516675115607,9.80441586743601,-0.75199120013162,-2.23220156195017,15.6824178953825,-13.9670425384115,0.942061295951141,9.77589133985774,-1.32719677282566,-10.774053551875,5.78687393464986,-8.53047520810678,0,0,0,841.842694731744,0.10109733532494,0.0144483333019823
64,0.676606681760157,-48.3832227437335,-46.9129728048473,-24.4427070398531,-49.8717649823825,-38.7009727688032,-37.8907253582093,49.2902309740661,44.4124892402707,-42.5282550928698,60.2776777889848,54.1922603818624,-1.7780535067183,9.08139633806549,-1.50789893683506,22.8289742149918,56.7216189547278,30.6314017466247,-4.88912252484377,7.98141440426825,-0.639636965873119,-2.68811639805749,61.0839764697522,-20.3083034571919,-7.4048013158682,6.87933473342571,3.18904250918001,-34.597711045699,76.0168512996147,-82.7154500898684,4.40916822236779,8.72464326983477,-0.981411510285264,8.92408567811136,13.0494337323913,-73.7153882699492,-2.77853210198673,9.78773205857289,-0.750308447540296,-2.24440349143594,15.6490980373341,-12.7087442720952,0.919577938324562,9.76320212702154,-1.32149474189134,-10.4604544895899,6.08587894948778,-8.31347870494718,0,0,0,850.390933367036,0.101300713808049,0.0143818769945394
64.005,0.434972689189058,-48.3267985142638,-47.5115324010056,-24.7027691252746,-52.0124170843329,-41.3298548608655,-37.6386133347525,50.4224046913994,45.437109202996,-42.2195725071423,61.7365171455497,55.4825899496974,-1.70275940231595,9.04294065090125,-1.48225091547563,22.3511252235079,58.2434744873673,31.5353202841674,-4.93890508887371,7.92022284604048,-0.524555417701159,-4.03547040953141,62.2540461183167,-21.4822497733825,-7.39565661785945,6.76560274726194,3.15810490014932,-27.5421837791868,80.1843907724205,-69.7785863262145,4.3442250874889,8.75138355466667,-0.962957293713053,8.83914101940605,13.0862677522339,-73.9165900717691,-2.79890428795114,9.77743041765399,-0.753119773324919,-2.24771542484801,15.6311536035841,-11.446512672162,0.898381262909985,9.75517664374052,-1.31745200725089,-10.1858950924937,6.35856090467114,-8.09851071596572,0,0,0,858.401451789891,0.10140775652555,0.0143211215710197
64.01,0.194143209534621,-48.1658959307944,-47.9588143911826,-24.9729064273371,-54.0274604124037,-43.871536996243,-37.3808772717565,51.5472125991151,46.494588908724,-41.9035497489462,63.2045516391074,56.8127290962723,-1.6196461122711,9.01233672108956,-1.46337711065988,21.789958310597,59.4990602025527,32.3478828085519,-4.97051359876934,7.87290052325409,-0.416846425666812,-5.36773151416673,63.1356164571918,-22.6207816915763,-7.38844712905371,6.67141909136968,3.11937292665365,-19.9337094848942,84.3730499408806,-56.6954191251919,4.28101163534429,8.77721279741769,-0.950939710491349,8.76866935051477,13.1317917648291,-74.1218843602757,-2.81217401869421,9.77288394501852,-0.760321570693703,-2.24431268711921,15.6301205337335,-10.1840568773452,0.878707111841104,9.75139467099006,-1.31487724448225,-9.95470550092772,6.60476165388856,-7.89181006884673,0,0,0,865.90510290252,0.101424864943795,0.0142774186902601
64.015,-0.0454434984183708,-47.9173415906419,-48.2605546183028,-25.2524788868423,-55.9144919010859,-46.3149383248893,-37.1176039329384,52.6546677636669,47.5783513975029,-41.5801896238439,64.6720250205155,58.1792818497355,-1.52915505257985,8.98915637984905,-1.45181999692399,21.1438322295791,60.4683574308277,33.0784918965107,-4.98325802770998,7.8396461170328,-0.317667316596045,-6.67360748203894,63.7097060685176,-23.7131706889391,-7.3852644499547,6.59712558976755,3.07408853555389,-11.8689934783767,88.5421840752234,-43.5898036836555,4.21918427864194,8.80143705114851,-0.945700280749392,8.71156455483931,13.188663480801,-74.3252934761274,-2.81789073915004,9.77330083753368,-0.771725938223994,-2.23651558760818,15.6471707808598,-8.92540616665448,0.860702957004546,9.75132433855783,-1.31359628165986,-9.77022628030073,6.82500327984736,-7.69835648165288,0,0,0,872.867610215221,0.101364970136457,0.014257784122246
64.02,-0.283440458867123,-47.5993920897938,-48.4251109978758,-25.5408451840006,-57.673259431722,-48.6506069280464,-36.8489290174907,53.7349830895769,48.6806771464745,-41.2495462255874,66.1286796513555,59.5770898215365,-1.43176388477072,8.97287459577598,-1.4479193997187,20.4116142291762,61.1337996803578,33.7376442327324,-4.97680831979292,7.82048759195525,-0.227976242112748,-7.94171219815929,63.9600305888868,-24.7497502661102,-7.38768089813658,6.54240635540975,3.02360790200009,-3.45552186708185,92.6476101332979,-30.5878396131879,4.15845559256225,8.82337755304974,-0.947421414710589,8.66635152860215,13.2592796683766,-74.5207317950893,-2.81577002614549,9.7777605854352,-0.787062489036937,-2.22672291924046,15.6830869816109,-7.67484498179691,0.844423757327213,9.75434981621693,-1.31344410074656,-9.63469433871422,7.02048339717458,-7.52174192324517,0,0,0,879.208967761634,0.101238517335432,0.0142634194264728
64.025,-0.519597056588492,-47.2313195441825,-48.4633099868438,-25.8373735566577,-59.305674531304,-50.8708749113717,-36.5750346881201,54.7788658740238,49.7929536686841,-40.9117260605546,67.5640330064313,60.9994602071682,-1.32798839506558,8.96288145243864,-1.45180261221106,19.5927225711512,61.4806719917999,34.3367133922295,-4.95120475896016,7.81527632825406,-0.148515839125023,-9.16078449257632,63.8733823931066,-25.7221264372247,-7.39668154280928,6.50628833055985,2.9693551033991,5.19058044900716,96.6414049296081,-17.8158728509084,4.09860439063781,8.84239266341493,-0.956121189666114,8.63123101729808,13.3457164553962,-74.7022109652321,-2.80569635290457,9.785252291434,-0.805981639052584,-2.2173501295148,15.7382523683558,-6.43684715908886,0.829830256314183,9.75979992764759,-1.31425683100736,-9.54916661925731,7.19305582616741,-7.36408653399292,0,0,0,884.831019164078,0.101056545097511,0.0142916117698935
64.03,-0.753761889520271,-46.8329665863983,-48.3882307768573,-26.1414524886243,-60.8157863933697,-52.9699875936606,-36.2961456948291,55.7777986582589,50.9059467696257,-40.5668878446158,68.9676431878143,62.4384169931211,-1.21838394604238,8.9584963544005,-1.46337982768127,18.6871698099106,61.4974833849374,34.8877206200775,-4.9068582801815,7.82368547101725,-0.0798046194129244,-10.319915127578,63.4399770653193,-26.6233608712965,-7.41262957036085,6.487178981294,2.91277505263026,13.9469441292034,100.471823512511,-5.39844451497863,4.03948303537139,8.85789840174763,-0.971652267460555,8.60413196683945,13.4496848037065,-74.8640318605398,-2.78772367512154,9.79471231721754,-0.828059853366987,-2.21077281038966,15.8126548310711,-5.21601082042034,0.816787967240552,9.76697546686043,-1.3158650775036,-9.51348161331364,7.34519635134731,-7.22600149087228,0,0,0,889.652178638789,0.10082651586379,0.0143329848130618
64.035,-0.985883298263749,-46.4242817487378,-48.2149313539921,-26.4525010673388,-62.2097157429484,-54.9442035868835,-36.0125241982165,56.7242993225581,52.0100863231466,-40.2152410569294,70.3293575373465,63.8849680777614,-1.10354612149125,8.95898410354513,-1.48234530064796,17.6956074169979,61.1763016466705,35.4030994977811,-4.84454068364569,7.84521285921757,-0.022136709679457,-11.408773921289,62.653757370223,-27.4481196977814,-7.4352670629167,6.48294053542204,2.85528675846109,22.6875254478009,104.083394987194,6.54377944086976,3.98102175565226,8.86938681892755,-0.993705103657986,8.58276985585583,13.5725005124983,-75.0009588630516,-2.76214756455862,9.80499928175446,-0.852806992609945,-2.20927564377448,15.9059035954517,-4.01699514012406,0.804982499033324,9.77512992532925,-1.31808923376915,-9.52625736365592,7.47995357870685,-7.10659958037527,0,0,0,893.637468676299,0.100555065162788,0.0143801969936694
64.04,-1.21600753291774,-46.0248469307093,-47.9601221916398,-26.7699788064474,-63.4955478215981,-56.7918628401521,-35.7244634289098,57.6121538612237,53.0957591645063,-39.8570433616454,71.6395390566611,65.3293810055265,-0.984110253296608,8.96357235800929,-1.50818450777432,16.6193720053651,60.5130400626763,35.8954603087694,-4.76536520514936,7.87918859835259,0.0244099366559914,-12.4178287280227,61.5126461068705,-28.1927818661967,-7.46375110795655,6.49099733572757,2.79823760165917,31.2852685224427,107.417246260327,17.8960609191765,3.92322986588302,8.87644154776884,-1.02181546436352,8.56470952052923,13.7150675638643,-75.1083724783128,-2.72952837892793,9.8149087363299,-0.879676305580453,-2.21500655045581,16.0172566450817,-2.84445993728902,0.793890677706341,9.78347927268503,-1.32073835893119,-9.58492342253598,7.60088533180509,-7.0035526024241,0,0,0,896.816318732395,0.100244664165869,0.0144242557535286
64.045,-1.44427457854814,-45.6534091261218,-47.6417948555791,-27.0933947295601,-64.6831846225992,-58.5134200768233,-35.4322803495301,58.4366158760096,54.1536015988143,-39.4925970314626,72.8892660366279,66.7614601713607,-0.860749606146674,8.97146987199958,-1.54018737814478,15.4605329039335,59.5076864650789,36.3773595620419,-4.67075835668544,7.924787020982,0.059957270051006,-13.3385482440071,60.0187401663975,-28.8555022169528,-7.49672297680614,6.50847017279003,2.74285902907936,39.6147735251468,110.41169261307,28.5515841855238,3.86619391634419,8.87875002713842,-1.05537609952614,8.54743102442574,13.8778732508515,-75.1823967635363,-2.69043311003483,9.82341293854294,-0.908077302079284,-2.22993554650665,16.1456567948456,-1.70300875967051,0.783073212971055,9.79137514453607,-1.32361395826126,-9.68578326836676,7.71198154953612,-6.91319312509256,0,0,0,899.277561827764,0.0998968472832096,0.0144572795343709
64.05,-1.67091172241675,-45.3274287737622,-47.2788141576721,-27.4223155169991,-65.7841574878647,-60.1114415021856,-35.1363075118474,59.1945675365819,55.1747840851055,-39.1222445258836,74.070501115863,68.1708186603028,-0.734172101248272,8.98188483453316,-1.57746742476752,14.2219402071268,58.1644661723164,36.8610795336915,-4.56242434911712,7.9810424744412,0.0848037565412593,-14.16358135381,58.178439322025,-29.4362260376566,-7.53240606238551,6.53232913261332,2.69022399591814,47.5548864398295,113.003118385709,38.4133477241085,3.8100729328638,8.87611207850206,-1.09365224345813,8.52839715948503,14.0609933381806,-75.2199986345261,-2.64533595399084,9.82975073511415,-0.937390599652564,-2.25581772017578,16.2897742314929,-0.597135846942189,0.772281588379942,9.79836513843064,-1.32651617588363,-9.82410302932913,7.8175752121855,-6.83065660768301,0,0,0,901.148159059936,0.0995086060637533,0.0144766106993952
64.055,-1.89622500729876,-45.0626569763156,-46.8904836584813,-27.7563725282692,-66.8114022539024,-61.5905632083509,-34.8368843240878,59.8846375518172,56.1512808736072,-38.7463633913284,75.1762269109033,69.5471383321734,-0.605115576458916,8.99404259506046,-1.61898637750697,12.9072717312151,56.4919319990656,37.3584218911777,-4.44230371928768,8.04686811881471,0.0993952698805904,-14.8869069340582,56.0025047117666,-29.9366537616202,-7.5687264912967,6.55955480584483,2.64120670750589,54.9911318209185,115.12715230359,47.3959055023941,3.75509100454862,8.86844469936199,-1.13580045921264,8.50512117511253,14.2641054721431,-75.2190568214758,-2.59484715033536,9.8332398461466,-0.966984685750928,-2.29415979337914,16.4480533500713,0.468822882511711,0.761187615070703,9.80404968643773,-1.3292518171449,-9.99422202350754,7.92224335964164,-6.75005857400187,0,0,0,902.566125989426,0.0990713994243757,0.014485943963626
64.06,-2.1205887741408,-44.8727533684492,-46.4960952549873,-28.095267529464,-67.779000239006,-62.9574103578829,-34.5343479612477,60.5072725680724,57.076117736885,-38.3653606596907,76.2005463275994,70.8804123314108,-0.474341692849506,9.00720209112868,-1.6635837130893,11.521076601861,54.5029764238092,37.8805185365556,-4.31252798326456,8.12107673767967,0.104292016708742,-15.5039496043737,53.5060435483131,-30.3601564952296,-7.60344894472063,6.58729686614084,2.5964456993884,61.8179193645891,116.720121164158,55.4269076275961,3.70152754422004,8.85578310720987,-1.18089023184716,8.47523329784376,14.4865091236011,-75.1783990494655,-2.53973784843765,9.83326054322312,-0.996233533739076,-2.34618990185811,16.6187617798591,1.49073485432588,0.74934870084787,9.80806621080853,-1.33164518292896,-10.1896805525928,8.03070071841771,-6.66470040471991,0,0,0,903.659684465927,0.0985711445057709,0.0144952940058465
64.065,-2.34443355216148,-44.7689556041764,-46.1144742667763,-28.438776976778,-68.7018894628764,-64.2204769858623,-34.2290241642752,61.0647593945573,57.9435914338182,-37.9796669264086,77.1387466564979,72.1611648839358,-0.342628687157439,9.02067037197042,-1.71001029405932,10.0688125364221,52.2147631031696,38.4376618135358,-4.17537220183833,8.20240247708842,0.100133470654766,-16.0116587398905,50.7084182158118,-30.7116451024717,-7.63431933125839,6.61301915437935,2.55631190811412,67.9404671116296,117.72074409676,62.4483906396728,3.64970559119173,8.83827821328095,-1.22792764454708,8.43654451820789,14.7271504631331,-75.0978069062215,-2.48082510984694,9.82934750975687,-1.02453392890625,-2.41283048399723,16.8000395694324,2.46471199692833,0.736332953601205,9.81015243061931,-1.33354986496083,-10.403360510406,8.14768878050827,-6.56729647640622,0,0,0,904.535420028242,0.0979918131106423,0.0145157585702886
64.07,-2.56823260344762,-44.759810257269,-45.7635318254337,-28.7867547342949,-69.5955515034314,-65.3899671102587,-33.9212181815721,61.5611965406634,58.7494551690934,-37.5897302887416,77.9873275334607,73.3806440206104,-0.210763228711235,9.03381473036032,-1.75696514870717,8.55687334342175,49.6485770947412,39.0391552478738,-4.03320726614148,8.28952243997638,0.0876033778684004,-16.408549983967,47.6330795143878,-30.9973974888131,-7.65920561408512,6.63462150849521,2.52088393786499,73.2763980044512,118.072009077481,68.4177710307219,3.59997856498758,8.81619082748057,-1.27588042626665,8.38710600624243,14.9846506968576,-74.9779888107957,-2.4189363520293,9.82120649126851,-1.05132221638798,-2.49467446908058,16.9899465780406,3.38714817398541,0.721751957445354,9.81015414779792,-1.33485984715252,-10.6276346427035,8.27786334046618,-6.45021485770148,0,0,0,905.273459568631,0.0973175149020971,0.0145603416736062
64.075,-2.79248747036837,-44.8509733840623,-45.459836453943,-29.1391331355422,-70.4756802493316,-66.4775987612965,-33.6112061079889,62.0024147165263,59.4910650517606,-37.196010319814,78.7439937853689,74.5309837216389,-0.0795316706283196,9.04607210039061,-1.80313424899901,6.99260281506532,46.8295952833669,39.6931851160241,-3.88845349601202,8.38107717245195,0.0673968431632777,-16.6947103612989,44.3073253392512,-31.2248503852396,-7.67622832398729,6.65053055694169,2.4899330478853,77.7569816332371,117.723155642867,73.3085024154605,3.55271591118994,8.78988299425835,-1.32370362941865,8.32526241606795,15.2573365232389,-74.8205224896774,-2.35488059744889,9.8087193731245,-1.07608933929547,-2.59196525610968,17.1865062174909,4.25475297355272,0.705285195917863,9.80802500756485,-1.33551877150156,-10.8545207018272,8.42568346846764,-6.30572362696967,0,0,0,905.923247325446,0.0965349872126413,0.0146379267315728
64.08,-3.01771290608216,-45.0450871427998,-45.218216477069,-29.4959223331068,-71.3578395129782,-67.4963735014788,-33.299226871877,62.3958472224401,60.1674834070777,-36.7989722442214,79.4076151186073,75.605332888009,0.050289007397816,9.05695553660548,-1.84722999324062,5.38429110013692,43.7865805134313,40.4067124510602,-3.74353736505339,8.4756902415156,0.040191317521354,-16.8717697404436,40.761987509886,-31.402363235976,-7.68387395470968,6.65975495892473,2.46292062358049,81.3280085891653,116.631674445516,77.1103670990102,3.50828809813622,8.7598069303598,-1.37036518442032,8.24969730083509,15.5432715060494,-74.6277693621632,-2.28942117870379,9.79194327934325,-1.09839335429625,-2.70458123120118,17.3877438331745,5.06458183946441,0.686702320316437,9.80382257343187,-1.33552624061902,-11.0758372583189,8.5953046715017,-6.126235113895,0,0,0,906.502898392996,0.0956347021051942,0.0147530573200809
64.085,-3.24442158970347,-45.3417367243033,-45.0514043188474,-29.8572079180332,-72.2571169853541,-68.4603149733634,-32.985475109564,62.7503524626521,60.7795357495792,-36.399081466887,79.9781554669525,76.5979494948863,0.177940278324398,9.06605774848296,-1.88802999543858,3.74114985361341,40.5515047574844,41.1853846753213,-3.60085890189841,8.57199778992969,0.00662299964981802,-16.9428427135882,37.0310508002655,-31.5389626742999,-7.68109540226593,6.66191036028609,2.43901304186275,83.950300055,114.765226671465,79.8293861698353,3.46705141890757,8.72649207804885,-1.41487058937552,8.15946892083514,15.8402873031932,-74.4027641771912,-2.22325112114649,9.77110388126495,-1.11786881298846,-2.83202575050317,17.5917182289975,5.81406241686461,0.665881921977011,9.79770100435892,-1.33494028526936,-11.2833585197524,8.79047860205377,-5.9045409492769,0,0,0,907.00334629822,0.0946138578928644,0.0149069083380269
64.09,-3.47310903738782,-45.7374895367805,-44.9697328183571,-30.2231468300708,-73.1877824073755,-69.3841809457481,-32.6700951487764,63.0759921574,61.3298192735472,-35.9967985888275,80.456575611735,77.5042592475618,0.302690912439726,9.07305181495096,-1.92441374608869,2.07326297577417,37.1591082642296,42.0334659411337,-3.46275320256216,8.66865793036709,-0.0327302781684237,-16.9124458709194,33.1512094749726,-31.6440764964441,-7.66736700465759,6.65719630971169,2.41710685143767,85.5998692580892,112.103385118288,81.4873478667772,3.42933302869776,8.69053080241362,-1.45628603452279,8.05403491250147,16.1460138491716,-74.1490840685793,-2.15697230329745,9.74658329276758,-1.1342326305462,-2.97342359121701,17.7965451395367,6.50101688097032,0.6428256524486,9.78990069017991,-1.33387548262572,-11.4689661072649,9.01446116494387,-5.63403165553564,0,0,0,907.39851783635,0.0934755400675378,0.015098237145784
64.095,-3.70423911818087,-46.2260161586539,-44.980892441593,-30.5939616203651,-74.1629580589318,-70.2831541977649,-32.353176298282,63.3837700989269,61.8226618473512,-35.592575022154,80.8447133347766,78.3208790217286,0.423845377784428,9.07768934228007,-1.9553957485242,0.39151055751537,33.6464029975647,42.9537854602677,-3.33143656495857,8.76432572757736,-0.077359016480876,-16.7863959039981,29.1613678122202,-31.7272660060489,-7.64267743642453,6.64631861354443,2.39586277771811,86.2677634287878,108.639104067025,82.1209706611972,3.39541661402611,8.65256324723148,-1.49375933348951,7.93326459967898,16.4579077553508,-73.8707018535507,-2.09107929789409,9.71890310322367,-1.1472863283812,-3.12752482873983,18.0004118254009,7.12367994782636,0.617666815355382,9.78073526029635,-1.33249663120842,-11.6247962911997,9.26993030300025,-5.3088955380092,0,0,0,907.656897602604,0.0922279364278493,0.0153264556354298
64.1,-3.9382305688572,-46.7982901353074,-45.0897567109902,-30.9699331690781,-75.1943097426563,-71.1725183564534,-32.0347496108,63.6853374964627,62.2640316922622,-35.1868492927338,81.1451458841147,79.0456063033631,0.540751643035444,9.07979645488131,-1.98015385374707,-1.29253529897823,30.0521297879788,43.9477035562226,-3.2089794203881,8.85766814721353,-0.126824743438059,-16.5716939682936,25.1020921973084,-31.7979651139082,-7.60752776654111,6.63041092037408,2.37376626027622,85.9596242464295,104.379836487298,81.7807338098198,3.3655290574014,8.61326182004445,-1.5265381328639,7.79743816009579,16.7732783500876,-73.5718288541164,-2.02594853549439,9.68870324818254,-1.1569148018196,-3.29271692377432,18.2015823869951,7.68071223767812,0.59067289962592,9.77057642979986,-1.33100832842962,-11.7433816152926,9.55891417085149,-4.92429275263915,0,0,0,907.746157603221,0.090886028018015,0.0155876069289729
64.105,-4.17544487542119,-47.4428613127058,-45.2982813540763,-31.3513920005533,-76.2917662948926,-72.0673254622899,-31.7147862506373,63.9926720324105,62.6613991608742,-34.7800440933396,81.3610398786783,79.6773767250789,0.652808286879095,9.0792681164738,-1.99805171538465,-2.96674286632214,26.4161794794236,45.0150957880779,-3.09729885230116,8.94740494883149,-0.180755856778149,-16.2764012998691,21.0150234142302,-31.8652336784792,-7.56292278904068,6.61095558975171,2.34920524271555,84.6950107566553,99.3482334893389,80.529422514146,3.33982843516559,8.57331571059185,-1.55398499219067,7.64723237827708,17.0893109100916,-73.2567527540727,-1.96183313231574,9.65671753236049,-1.16308199656583,-3.46704550772197,18.3983938157747,8.17120867370446,0.562241899676309,9.75983718879342,-1.32964120310052,-11.8177860586569,9.88272990724512,-4.4765015267106,0,0,0,907.624757971921,0.0894656960105549,0.0158757413488839
64.11,-4.41617585112049,-48.1461951399038,-45.6054806395833,-31.7387083766489,-77.4632752191893,-72.9820625549241,-31.3931975573122,64.3177386650935,63.0235532772026,-34.3725641237566,81.49599391668,80.2161926004121,0.75947087132125,9.07606135318358,-2.00865454827666,-4.61858008353968,22.7789889993698,46.1543561538051,-2.99813365169963,9.03231416344797,-0.238837508522909,-15.909510281237,16.9422587687399,-31.9375313382634,-7.51030096946387,6.58967108611638,2.32054733334651,82.5065310070279,93.5823807927749,78.4404459340225,3.31839366920032,8.53341577277628,-1.5755890558477,7.48369327968941,17.4030867320826,-72.9296760181436,-1.89886341378,9.62374669895753,-1.16582405589494,-3.64824396823712,18.5892431983522,8.59470164574361,0.532892639630286,9.7489538761048,-1.32863587410874,-11.8417328291994,10.2419328750367,-3.96303449856316,0,0,0,907.226188565854,0.0879839008822674,0.016184832654881
64.115,-4.66064119279309,-48.8930683345661,-46.0074821832836,-32.1322813832317,-78.7146013166291,-73.9303249220996,-31.0698368524986,64.6721409627715,63.3603769286194,-33.9647947281128,81.5538791288222,80.6630260601203,0.860257583716279,9.07018797157079,-2.01173767294731,-6.23529800858046,19.1809237268194,47.3624209619896,-2.91301613212331,9.11123015314305,-0.300796881762377,-15.4808140773123,12.9257146384668,-32.022516637618,-7.4514321682293,6.56839101385925,2.28621960843764,79.4388273335322,87.1355488114391,75.5959933416577,3.30121614175343,8.4942400383855,-1.590974164121,7.30819651063344,17.7115997868249,-72.5945602126629,-1.83705287365816,9.59062999071238,-1.16524061086776,-3.83377150797027,18.7725668543995,8.95115875061904,0.50324965681665,9.73836770939553,-1.32822589486252,-11.8097235542392,10.6362761204256,-3.38272396331193,0,0,0,906.441118522603,0.086456228296619,0.0165030642694948
64.12,-4.9089762405722,-49.6670095557257,-46.4976592348814,-32.5325272541645,-80.0491741864095,-74.9245038122968,-30.7445029910241,65.0667722947752,63.6825857764398,-33.5571013143946,81.5386827434922,81.0197009736926,0.954754188861021,9.06170732610385,-2.00728763985635,-7.80413427576985,15.6616577746931,48.6348153477264,-2.84325081122927,9.18305259504273,-0.366385462340343,-15.0007767221217,9.00648091802229,-32.1268747336137,-7.38830526678432,6.54895403768487,2.24478932567856,75.5474560872633,80.0754554337056,72.085096426608,3.28819357088969,8.45644009255066,-1.59990336426771,7.12239686979662,18.0117698314629,-72.2549812081843,-1.77630905778036,9.55821617696516,-1.16148492493274,-4.02085893415922,18.9468125431665,9.24097504327015,0.474023479726657,9.72850636908474,-1.32862098006744,-11.7171471319089,11.0646799207993,-2.73577546760294,0,0,0,905.114651254596,0.0848944695478389,0.0168208801373879
64.125,-5.16123010215224,-50.4507723160531,-47.066837174784,-32.9398672002621,-81.4679892195928,-75.9754963528703,-30.4169456085355,65.5114764977852,64.0014370437656,-33.1498295172646,81.4543594260643,81.2887582790673,1.04261835547699,9.05071960147929,-1.99549604143851,-9.31253112077915,12.2595638173138,49.9657245035255,-2.7898945549604,9.24675764687665,-0.435360047909549,-14.4804042479096,5.22417953914173,-32.2561755399088,-7.32300407236743,6.5331045648149,2.19503775007833,70.8976966364025,72.4830625413409,68.0016642939453,3.27912642645162,8.42062852328561,-1.60227988294223,6.92816888008955,18.3004520643327,-71.9139997466466,-1.71644866155486,9.52733502483001,-1.15475357932768,-4.20656107985149,19.1104062314205,9.46495989753987,0.445987341838328,9.719766248123,-1.32999170724298,-11.5603759832401,11.5252115930826,-2.02378973111644,0,0,0,903.06417093569,0.0833062094029169,0.0171250401890273
64.13,-5.41736423394524,-51.2268263586469,-47.7035687309234,-33.3547150267251,-82.9695652926831,-77.0924451238779,-30.0868719700635,66.0147276944617,64.3284153126389,-32.7433060433302,81.3046947869709,81.4733096355375,1.12358342657817,9.03735995360934,-1.97674642906857,-10.7483614788034,9.0111238706398,51.3480914301354,-2.75373834817545,9.30141138831743,-0.507464243435951,-13.9311162381159,1.61633973107941,-32.4147629292832,-7.25757892430571,6.52240837365407,2.13602176252307,65.5633176385501,64.4509476397866,63.4425523554233,3.27371713701373,8.38736765110991,-1.59814471055298,6.72754068040557,18.5744436940674,-71.5740512530633,-1.65721598740887,9.49877016557813,-1.14527630231502,-4.38781449024743,19.2617152714519,9.62431877415433,0.419951495988679,9.71249597784334,-1.33245666862973,-11.3368470496783,12.0150761345744,-1.24975333419209,0,0,0,900.121183744172,0.0816905172014517,0.0174087440411679
64.135,-5.67725349965446,-51.9778531417443,-48.3944703458396,-33.7774648307764,-84.5499608101008,-78.2825143070687,-29.7539552763155,66.5833387494721,64.6749032862987,-32.3378401182023,81.0931850254103,81.5768844590841,1.19746168657086,9.02179371541904,-1.95159504089298,-12.100155907717,5.95037198643867,52.7737423544049,-2.73529137091003,9.34618553413814,-0.582412057229876,-13.3646161831546,-1.78219710125984,-32.605674653292,-7.19392194973848,6.51818577312272,2.06711876806917,59.625321545382,56.0813096155117,58.5057176273527,3.27157228803841,8.3571597406126,-1.58767102661138,6.52262378545926,18.8304881379454,-71.2368580974121,-1.59830382476658,9.47323424568514,-1.13330641948646,-4.56149884475221,19.3990101641197,9.72063040744421,0.396736331915424,9.7069818190523,-1.33607275981293,-11.0451247148281,12.5306186757447,-0.417999033136117,0,0,0,896.183319185149,0.0800425079233555,0.0176664784137825
64.14,-5.94068965429198,-52.6872309275511,-49.1246102537612,-34.208479071125,-86.2028480697861,-79.5507085633616,-29.4178442393952,67.2222073841148,65.0518461180298,-31.9337254373197,80.8229361765992,81.6032754027089,1.26414714291952,9.0042127277539,-1.92074630269152,-13.3573226956008,3.10837918159114,54.2335399276116,-2.73476838423446,9.38037503374981,-0.659874953234881,-12.7927583408865,-4.93983009394117,-32.8305919815997,-7.13365377071119,6.52146323248197,1.98805167101204,53.1706816067747,47.483681733057,53.2885017672413,3.27220793162647,8.33043888733526,-1.57115576005911,6.31554138854662,19.0652779160794,-70.9033667906253,-1.53937578670743,9.45134715732341,-1.11911225512459,-4.72450052225049,19.5204273383665,9.75582012718472,0.377145457008277,9.70343546425523,-1.34082898309766,-10.6849429333674,13.067340058335,0.465863030063546,0,0,0,891.26117315934,0.0783556466301183,0.0178977091947061
64.145,-6.20738713075369,-53.3394952923898,-49.8779372304253,-34.648077292272,-87.9196442294774,-80.899739803959,-29.0781736981532,67.9341082484569,65.4694183507401,-31.531242507873,80.4965858894051,81.5563872175295,1.32361779336175,8.98483270650888,-1.88502427241242,-14.5103535222239,0.512790116747817,55.7175629719641,-2.7520816551094,9.40341679344797,-0.739473354028628,-12.2274085453128,-7.82869686940718,-33.0898177193502,-7.07802885429012,6.53294307852511,1.89889225319242,46.2910797834634,38.7724350166421,47.8860707030296,3.27505801185131,8.30756475666731,-1.54900863075916,6.10835786221532,19.2754576076377,-70.5737118383864,-1.48008915554995,9.43361802014932,-1.10296966841006,-4.8737767332938,19.6239355197188,9.73213020001971,0.361939786428197,9.70198472942223,-1.3466438587071,-10.2572242273563,13.6199270341154,1.39504153965919,0,0,0,885.500787703427,0.0766204455485653,0.0181040981519613
64.15,-6.4769909390042,-53.9207616499976,-50.6377377105563,-35.0965257697307,-89.6896954915775,-82.3299458339077,-28.7345760070001,68.7195382304865,65.9367027294621,-31.1306612577189,80.1162500306746,81.440093685887,1.37593729947657,8.96389141563354,-1.84534134486214,-15.5510074748817,-1.81257992250013,57.2153099918221,-2.78683873130483,9.41490842339564,-0.820773153867312,-11.6802966192407,-10.4251051310549,-33.3822812017447,-7.02786562832045,6.55298990128849,1.80004302555507,39.0816494253534,30.0641609705941,42.390027312941,3.27948576358721,8.28881832372647,-1.52173906067676,5.90301195434777,19.4576284182791,-70.2472071753185,-1.42011734496107,9.42043144163535,-1.08515578166008,-5.00641870777023,19.7073082415003,9.65208817764922,0.35181351907956,9.70266752353729,-1.35336630353899,-9.76407383878428,14.1822985370844,2.36168548861339,0,0,0,879.174531885303,0.0748313782887802,0.018286999383581
64.155,-6.74908642684825,-54.4190975688612,-51.3871080745148,-35.5540283175506,-91.500509564056,-83.839263496721,-28.3866929022943,69.5766209412334,66.4613901230988,-30.7322437795188,79.6834956401,81.2581069656546,1.42125594241463,8.94164730268168,-1.8026656034315,-16.4724670538204,-3.8480802883718,58.7159220479706,-2.83834729171557,9.41462566636018,-0.90328733828909,-11.1628587343247,-12.7098874929134,-33.7055690300055,-6.98350599587692,6.58163173254045,1.69219937910669,31.6397235803752,21.4750242334067,36.8872025117248,3.28479779155407,8.27439972082803,-1.4899413691464,5.70125590001157,19.6083559242131,-69.9223652625527,-1.3591711775743,9.41203843649342,-1.06594385241407,-5.1197125126894,19.7681048428565,9.51847425299556,0.347372668077671,9.70542939104329,-1.36077966491576,-9.20874814420682,14.7476691840184,3.35702824733602,0,0,0,872.641287934843,0.0729878025190951,0.0184475326875937
64.16,-7.02321059805518,-54.8248342414348,-52.1094284191074,-36.0207184680675,-93.3380301034614,-85.4232574787127,-28.0341875286924,70.5010747204414,67.0495095051535,-30.3362470751453,79.1993408747696,81.0138632307205,1.45981069860682,8.91837818984392,-1.75798819160535,-17.2694609819439,-5.57848623484662,60.2084190631498,-2.90562804418414,9.40253704645448,-0.986482363604398,-10.6860691795679,-14.6686706552188,-34.0559806057455,-6.94480703601777,6.61857380404731,1.57629549884407,24.0635882809388,13.1181733525437,31.4586211027765,3.29026040395266,8.2644282406638,-1.45427867465183,5.50460230030633,19.7241823962408,-69.596943079487,-1.29702264898186,9.40855988639859,-1.04559915678582,-5.21119616772669,19.803661901383,9.3342885429475,0.34911374081827,9.7101331471594,-1.36860869986233,-8.59559732795384,15.3086306538064,4.37155097052403,0,0,0,866.28765019263,0.0710947396412414,0.0185825593586548
64.165,-7.29886463985143,-55.1308083591437,-52.7888240663632,-36.4966531967313,-95.186945732592,-87.0752043950113,-27.6767562950928,71.4862467197872,67.7051963855565,-29.9429256670946,78.6642816099736,80.7104279387919,1.49192424237933,8.89437960747406,-1.71229198116542,-17.938350070633,-6.99318125148729,61.6819423412256,-2.98743624239187,9.37881430015669,-1.06978855721575,-10.2602624477766,-16.2920518947605,-34.4286078225167,-6.91116556886818,6.66322268849966,1.45343885164532,16.4512398807004,5.10129165071397,26.1786323712988,3.29511767309284,8.25894447201159,-1.41546591844603,5.31428019752027,19.8016448098913,-69.2680134198182,-1.23352815383373,9.40999905571363,-1.02437572327992,-5.27871182822052,19.8110965204794,9.10271905656287,0.357404590002996,9.7165767324297,-1.37652887835233,-7.92998315654124,15.8572509946501,5.39516157436562,0,0,0,860.462607863511,0.069161976888815,0.0186857131318341
64.17,-7.57552727888818,-55.332527807401,-53.4106014318321,-36.9818083235096,-97.0310253557345,-88.7862302338725,-27.3141402266143,72.5232136957578,68.4305072565532,-29.5525339502538,78.0783433682302,80.3504234076409,1.51800266244749,8.86996240480755,-1.66652264688001,-18.4771739958292,-8.0862569790828,63.1259951801738,-3.08229187965853,9.34383731655431,-1.15261348453988,-9.89494817904792,-17.5756780263588,-34.8174384674594,-6.88157401584148,6.71471880332598,1.32483893645307,8.89914640476972,-2.47563935885283,21.1141919824941,3.2986106208141,8.25791446622751,-1.37425240817552,5.13120134731912,19.8372992993508,-68.9320591557477,-1.16862306878189,9.41621370546286,-1.00251378491485,-5.32045192781254,19.7873223264783,8.82711091234226,0.372485664472453,9.72446562465934,-1.38417619247422,-7.21817344711537,16.3851913130189,6.41738510660004,0,0,0,855.422944123061,0.0672051400945588,0.0187494451724923
64.175,-7.85266856396924,-55.428257016262,-53.9616456607331,-37.4760756781506,-98.8534709282991,-90.5454977404736,-26.9461354858318,73.600948156576,69.2252865258004,-29.1653281684843,77.4411563539759,79.935980643956,1.53853168123753,8.84544936350533,-1.62156304025208,-18.885658511568,-8.85652884265256,64.530673045644,-3.18851803535463,9.2981926047071,-1.23435701919833,-9.59862312893924,-18.520224504429,-35.2154828789454,-6.85470376818841,6.77197551087483,1.19173628756351,1.50101500912949,-9.52230359475934,16.3242814094966,3.29999687573659,8.2612357550533,-1.33140426023891,4.95593729381478,19.8277524882567,-68.5850874889009,-1.10231771154977,9.42689803982839,-0.980237771744158,-5.33499832003584,19.7290785121486,8.51093718246455,0.394471320609162,9.73339483446086,-1.39115854338891,-6.4672154918656,16.8838387517754,7.42756106345559,0,0,0,851.300038828856,0.0652378814703762,0.0187673299865905
64.18,-8.12976366611114,-55.4190204282726,-54.4307686259815,-37.9792620709644,-100.637278562556,-92.3404389323622,-26.5726027534527,74.7065464756572,70.0870910810645,-28.7815679154054,76.7520506156382,79.4687165643778,1.55407120147291,8.82117066329745,-1.57821151330508,-19.1651842691393,-9.3074673511266,65.886874903391,-3.30428625735644,9.24266470043632,-1.31442677752264,-9.37858577478058,-19.131275114711,-35.6149231387391,-6.82901028425401,6.833723259933,1.05533744727829,-5.65342900726655,-15.9596944060521,11.8594534385536,3.29857012581236,8.26874497040389,-1.2876871018766,4.78870751188792,19.7696998559353,-68.2227606731646,-1.0347298476966,9.44163865199164,-0.957754789031542,-5.3213536221934,19.6329718233532,8.15777159660631,0.423328300677861,9.74291008200825,-1.39706991313345,-5.68479130637936,17.3444541584201,8.41504309283365,0,0,0,848.094294222654,0.063274852642661,0.0187350102111292
64.185,-8.40630629248455,-55.3085252747325,-54.8089974373528,-38.4910900651276,-102.365598832741,-94.1570267067693,-26.1934751857096,75.8255135486934,71.0111760932496,-28.401517076661,76.0101677489511,78.9497369044417,1.56524807605278,8.79745819267667,-1.5371645986264,-19.3187199076817,-9.44704696274233,67.1864879845589,-3.4276673238898,9.17822038811743,-1.39225264820315,-9.24076028138903,-19.4191056261122,-36.0072835332624,-6.80285254979333,6.89855731564126,0.91676083797736,-12.4796419201766,-21.7214069971294,7.76149639791652,3.29367869595005,8.28022675689322,-1.24384938198145,4.6293785935679,19.6599710512607,-67.840539278227,-0.966098358360513,9.45994964162138,-0.935253562908527,-5.27896412945909,19.4955310048457,7.77126324037039,0.458868266227792,9.75254481948346,-1.40150425746211,-4.87905808648316,17.7583323577413,9.36939656927592,0,0,0,845.697143503432,0.0613278236336063,0.0186512593366137
64.19,-8.68182133038412,-55.1030075799641,-55.0897954955015,-39.0112005021444,-104.022087403454,-95.9800784666866,-25.808764702439,76.9420966541975,71.9905439552877,-28.025444151016,75.214585129063,78.3796642617428,1.57274709766413,8.77463884388674,-1.49900422492069,-19.3507233343703,-9.28751640309735,68.4225394253632,-3.55668557470606,9.10598586969721,-1.46729935109485,-9.18953720364625,-19.3983776576211,-36.3836202280635,-6.77461870058931,6.9649873273818,0.776997267371297,-18.8994255868876,-26.7545623091745,4.06321460057244,3.28474261387833,8.29542361651877,-1.20060663046862,4.47747420985658,19.4955818007041,-67.4338337582118,-0.89677250862807,9.48127389113967,-0.912903851669579,-5.2077338161076,19.3132728512206,7.35511332061543,0.500757593420766,9.7618193491377,-1.40406866961936,-4.05847763756367,18.1169724549437,10.2805897307668,0,0,0,843.931472285355,0.0594038437888857,0.0185231091013858
64.195,-8.95587636977267,-54.8110078777591,-55.2692102846972,-39.539156690162,-105.591237603611,-97.7935838898355,-25.418566405141,78.0396594596623,73.0160564201418,-27.6536219092019,74.36444836288,77.7586898996352,1.57730031833921,8.75302706268975,-1.4641894543562,-19.2670160470659,-8.84509623904766,69.589309787302,-3.68952786085579,9.02708782126814,-1.53907653953414,-9.22763844354083,-19.0877516889305,-36.7347271377956,-6.74296078966609,7.03132016290348,0.63688764258177,-24.8420366643691,-31.0203599565339,0.788327194542551,3.2712685800498,8.31404628142087,-1.15862699856758,4.33219535762298,19.273791724865,-66.998159882088,-0.827206089734076,9.50500006576793,-0.890856427877434,-5.10802906715423,19.0827785979404,6.91305401544637,0.548524931432998,9.77025615655317,-1.40439703479675,-3.23163876932358,18.4122550708754,11.1391744067789,0,0,0,842.599473785856,0.0575089474308073,0.0183596159497581
64.2,-9.22809179662295,-54.4430853699516,-55.3459444644748,-40.0744501264586,-107.058687259113,-99.5810484133389,-25.0230609768442,79.1010856592037,74.0766080972748,-27.286326372117,73.4591074168408,77.0866471772949,1.57967492225646,8.73291702512742,-1.43305257502673,-19.074635932499,-8.13961125205586,70.6824053006227,-3.82486147392668,8.94237908662605,-1.60714574660659,-9.35601358869208,-18.5094304489238,-37.0513539477886,-6.70709772842819,7.09540750885892,0.497116413733765,-30.245217927967,-34.4942713080807,-2.04850850886845,3.25286232862261,8.33578417961388,-1.11851840377045,4.19245018516403,18.9921669512894,-66.5292934555134,-0.7579498962546,9.53048370411656,-0.869243679704997,-4.98067389219072,18.8007789011491,6.44882935182158,0.601570912548378,9.77739881907529,-1.40216363337907,-2.407076764019,18.6366228109907,11.9364527990876,0,0,0,841.523194084542,0.0556463242893754,0.0181769656027075
64.205,-9.49814920217377,-54.0114811102119,-55.3213493077998,-40.6165075915826,-108.411493024908,-101.325843717552,-24.622514973633,80.1092006423293,75.1593575565273,-26.9238351135794,72.4982517075942,76.3631037919662,1.58065997453257,8.71457487709047,-1.40579926157753,-18.7816741954395,-7.19406663093101,71.6987876421656,-3.9612421141367,8.85292359643719,-1.67112277843694,-9.57377386897198,-17.6886457286733,-37.324431269085,-6.66643690928354,7.15537225636232,0.358218405830335,-35.0561255928471,-37.165895604335,-4.44154069578211,3.22923796283822,8.36031555005712,-1.08081758146853,4.05689246815465,18.6486458999698,-66.0234197154941,-0.689640762840109,9.55706829571061,-0.848180866171853,-4.82693548097052,18.4642450959851,5.96617794385935,0.659181101839999,9.78283010488246,-1.39709635065892,-1.59309407723864,18.783259594015,12.6646272538304,0,0,0,840.572408700991,0.0538238668047342,0.0179881458592943
64.21,-9.76579791294631,-53.5297421545575,-55.1993420453996,-41.1646994241904,-109.638366521659,-103.011556466906,-24.21727897928,81.047198870675,76.250010439842,-26.5664249170996,71.4820392960181,75.5874694309968,1.58105244153331,8.6982314945279,-1.3825124166198,-18.3971019645133,-6.03417815499761,72.636762017442,-4.09655506672691,8.76050240700515,-1.73067778248841,-9.8781686439786,-16.6531029033385,-37.5452970941993,-6.62020228465238,7.21033342162975,0.220607122175,-39.2321248886323,-39.0385115643635,-6.39362465958541,3.20022397413082,8.38731678889219,-1.04598130275693,3.92396758156,18.2416060754445,-65.477272831319,-0.622987380193132,9.58410557192486,-0.827768018422737,-4.64850009113452,18.0704838407163,5.46881728838638,0.720541907337591,9.78618848883564,-1.38898916714406,-0.797586429250703,18.8462637948796,13.3169304429604,0,0,0,839.676194560383,0.0520503767459917,0.0178081527849301
64.215,-10.030859510469,-53.0123195044281,-54.9862511115093,-41.7183487632609,-110.729867813889,-104.622326797374,-23.8077836574588,81.8990643640747,77.3331472645871,-26.2143688405775,70.4112153042846,74.759114939494,1.58164291882149,8.68407620289581,-1.36315922222985,-17.9305917324865,-4.68786734105665,73.4959261378391,-4.22886043244418,8.66692717185529,-1.78553289780255,-10.26460766868,-15.4323980841576,-37.7059181506366,-6.56807049307942,7.25959591461983,0.0846183394783424,-42.7414259337535,-40.1283638197084,-7.91577516626124,3.16576580382135,8.41647067277455,-1.01437995286217,3.79196459481124,17.7699292105214,-64.888261133846,-0.55875320473852,9.6109743132394,-0.808092416344982,-4.44743943533736,17.6172317314713,4.96042917972542,0.784759087519744,9.78718237104994,-1.37771351628678,-0.0278783567720156,18.8208096354537,13.88773382689,0,0,0,838.820275550315,0.0503402644818183,0.0176468701282131
64.22,-10.2932302757676,-52.4741530597813,-54.690595547849,-42.2767415284817,-111.678553044249,-106.143168514831,-23.3945337983219,82.6499718274447,78.39258708502,-25.867932766556,69.2872148043674,73.8774987178168,1.58320151295025,8.67225183723072,-1.34760087105842,-17.392338201676,-3.18473299204072,74.2770842620054,-4.35682250336628,8.57364858834106,-1.8354583965448,-10.7267304878967,-14.0574228859702,-37.7990994800886,-6.51047529069433,7.30223316693242,-0.0494492765189528,-45.5635332318776,-40.4637274729722,-9.02656663630116,3.12592495948989,8.44747320151192,-0.986293584969413,3.65907292122664,17.233061757029,-64.2545740472627,-0.49773688583149,9.63709708726379,-0.789231499554977,-4.22616797281908,17.1027460959931,4.44464570898799,0.850878419812114,9.7856013866611,-1.36322801605665,0.70942792539641,18.703291033801,14.3726326915928,0,0,0,838.032524149199,0.0487115666257614,0.0175071334370864
64.225,-10.5528815595533,-51.9302567571799,-54.3228068235687,-42.8391369003665,-112.479074377067,-107.560263663917,-22.9781005156742,83.2866565296354,79.411776922384,-25.5273715375495,68.1122458013655,72.9422957794787,1.58646430949429,8.66285143592273,-1.33560442034612,-16.7928824106982,-1.55551074288516,74.9821317242718,-4.47940602957298,8.481982482098,-1.88026898303834,-11.2565223045283,-12.5597713545144,-37.8186756335736,-6.44834907273332,7.33744681353284,-0.18129474775799,-47.6894849801943,-40.0837952020592,-9.75138443439973,3.080874834831,8.48003891447682,-0.961910482935596,3.52344178714527,16.6310675706659,-63.5752672159158,-0.440750747303454,9.66195446628508,-0.771256007152169,-3.98739181229199,16.5258880080891,3.92503527926506,0.917908030206482,9.78132433939379,-1.34558602150253,1.40858686806553,18.4914422859825,14.7685064678481,0,0,0,837.361421560014,0.047186047975879,0.017386797080249
64.23,-10.8098581424352,-51.3953165762851,-53.8949029981817,-43.4047780589898,-113.128231724441,-108.861225013878,-22.5591118054354,83.7977420475781,80.3741959324972,-25.192924794846,66.8893485405662,71.953524738242,1.59212082629924,8.65591675212998,-1.3268562183872,-16.1429423022504,0.168467916754181,75.6139162464858,-4.59582075450447,8.39313464237435,-1.91981918884857,-11.84447367477,-10.971162732606,-37.7596772741721,-6.38302825239155,7.36464874444872,-0.310576583878952,-49.1218630705329,-39.0374300687342,-10.1215378844869,3.03089349121329,8.51390464232527,-0.941328186614652,3.38324065982287,15.9646697256037,-62.8503229840429,-0.388597963012557,9.68509641237509,-0.754233092389251,-3.73405028765358,15.8861936462992,3.40508810280159,0.984841825600163,9.77432346537755,-1.32494042272473,2.06482413117738,18.1844305194267,15.0735534990437,0,0,0,836.853483935338,0.0457831731035214,0.0172759316904401
64.235,-11.0642747080804,-50.883313129079,-53.4201264369554,-43.9729029437783,-113.624976957795,-110.035321050959,-22.1382417235017,84.1740163868236,81.2637626953256,-24.8648126540652,65.6224281562253,70.9116679702366,1.6008027978396,8.65143864758476,-1.32097638103802,-15.4532522172982,1.95580603027445,76.1760828000789,-4.70552192359959,8.30817631636227,-1.95399889443506,-12.4797795235352,-9.32289253134162,-37.6184677045466,-6.31618407213613,7.38346433515315,-0.4368820697136,-49.8745613235476,-37.3818241995085,-10.173252998631,2.97635374455631,8.54883174324824,-0.924556856465155,3.23671869960324,15.2352787341978,-62.0806841676128,-0.342049145869913,9.70615065033945,-0.738229139560455,-3.46925164924083,15.1839304713739,2.88820074055233,1.05068341546931,9.76466491924431,-1.30154514972461,2.6744288670123,17.782915788631,15.2872999700858,0,0,0,836.537505188249,0.0445195621452854,0.0171667176532031
64.24,-11.3163106038248,-50.4071791489295,-52.9125571426777,-44.5427548061189,-113.970372468221,-111.073659225662,-21.7161984795855,84.4086487833124,82.0652338150387,-24.5432313608772,64.3162586376564,69.8177803279636,1.61307456416231,8.64935931528756,-1.31753383964897,-14.7344132095128,3.77555046908966,76.6729088695538,-4.80820230659517,8.2280255261653,-1.98272954901664,-13.1505713528133,-7.64532287736921,-37.3928448489803,-6.24973631032453,7.3937276306573,-0.559707218370846,-49.972307877675,-35.1810993915991,-9.94656945257408,2.91771096900689,8.58460693967157,-0.911524785538392,3.08226129798531,14.4450050243984,-61.2682599229647,-0.301819121406591,9.72482797140256,-0.723312028731459,-3.19620468167911,14.4201353117942,2.3776593829967,1.1144698617256,9.75250555485622,-1.27575296179135,3.2348218552633,17.2890759145034,15.4105833323035,0,0,0,836.421966142173,0.0434018450129152,0.0170496569055203
64.245,-11.5662031061542,-49.9785004657838,-52.3867141686998,-45.1135923410933,-114.167506994665,-111.969324435431,-21.2937117717431,84.4973415683144,82.7645822297135,-24.2283490751284,62.97645714963,68.6735820779289,1.62942525684828,8.64957616949133,-1.31606153534549,-13.9967555836985,5.59767048158261,77.1091367141579,-4.90377683726486,8.15343448569753,-2.00596139317166,-13.8441752264295,-5.96742138869233,-37.0821054620971,-6.18575620822267,7.39546964530404,-0.678449103677235,-49.4499470888627,-32.5048809054831,-9.48417152385059,2.85548908000001,8.62104192264468,-0.902085808138396,2.91844183981095,13.5966542873776,-60.4159034355261,-0.268544680713453,9.74092452483244,-0.709552641695944,-2.91814836730392,13.5966322761877,1.87662173738582,1.17529455970532,9.73808623845485,-1.24800928638457,3.74459818544505,16.706594598554,15.4455111903389,0,0,0,836.50376737804,0.0424279130301937,0.0169193804965824
64.25,-11.8142394417267,-49.6072671145519,-51.8571575195534,-45.6846992038622,-114.221372553885,-112.717470987914,-20.8715197032442,84.4384136998685,83.349344248483,-23.9203019308908,61.6094288475827,67.4815321939672,1.65026290812433,8.65194714969737,-1.31607139340615,-13.250214672243,7.39349693609355,77.4898086851124,-4.99236121878135,8.08498307636662,-2.02367184627223,-14.5473872287495,-4.31635594094795,-36.6870697366798,-6.12636516721454,7.38890128519809,-0.792410998507816,-48.3514960218631,-29.4268706706357,-8.83018622116143,2.79026519535613,8.65797192819602,-0.896028308564519,2.74406698236955,12.6937051498639,-59.5273620884553,-0.242764097245506,9.75432126058342,-0.697025472732107,-2.63828191414923,12.7160293572635,1.38809756075271,1.23232853703357,9.7217220785757,-1.21884211991295,4.20354377898835,16.0406128390936,15.3953971789758,0,0,0,836.781455285705,0.0415860001161812,0.016777582528654
64.255,-12.0607478375812,-49.3016791709452,-51.3381024429215,-46.2553927393913,-114.138707105919,-113.315367547602,-20.4503556288342,84.2328148820711,83.808925341993,-23.6191905136824,60.2222834417419,66.2448787557524,1.67591056887559,8.65629711401439,-1.31706877392005,-12.5042205529637,9.13611503883483,77.8201108775661,-5.07424598069305,8.02307805984936,-2.03586509839368,-15.246757660544,-2.71715066472716,-36.2100659637138,-6.07363548815296,7.37439258570267,-0.900819472696157,-46.7290000635541,-26.0234413781811,-8.02898346499209,2.72265349237089,8.69525350958688,-0.89308550389716,2.55821396692272,11.7402694152622,-58.6072016825015,-0.224899143809262,9.76498077707204,-0.685808296518677,-2.35969751442382,11.7816935184205,0.914928031365328,1.28483946385547,9.70379007677066,-1.18884829181478,4.61262566625174,15.2976450789661,15.2646757935542,0,0,0,837.263205170382,0.0408575274574985,0.0166299396422138
64.26,-12.3060878863031,-49.0680097442834,-50.8430571049954,-46.8250317804524,-113.927808212007,-113.762395783917,-20.0309352711708,83.8840715325132,84.1348560735868,-23.3250768847282,58.8227257907192,64.9676839581054,1.70660448553897,8.66242495115022,-1.31856615733097,-11.7676021544843,10.8007048798754,78.105229432331,-5.14986750983515,7.96795747695949,-2.04257284160228,-15.9288752703705,-1.19240641499738,-35.6548763811816,-6.02949872582369,7.35244996502656,-1.00285148249673,-44.6412208818315,-22.3722689394992,-7.12401287717414,2.6532887798261,8.73276173224433,-0.892946662669092,2.3602587579979,10.7410357339994,-57.6607071205236,-0.215240261769319,9.77294189918447,-0.675980947315199,-2.08531806492522,10.797704836206,0.459764253836093,1.33220770119598,9.68471478591305,-1.15867668412749,4.97395658084503,14.4854626740955,15.0587984010853,0,0,0,837.965967248643,0.0402201507494824,0.0164859341914214
64.265,-12.5506405130832,-48.9105253560567,-50.3844933679298,-47.3930233971925,-113.598323348128,-114.060004578496,-19.6139444306894,83.3981680963722,84.3209912229702,-23.0379822664136,57.4189236629774,63.6548221018481,1.74249431882123,8.67011102395239,-1.32009587953475,-11.0485059822594,12.3648258901732,78.350222741136,-5.21977752009999,7.91969951813777,-2.0438559728455,-16.5806432956685,0.237913124452587,-35.0266467546369,-5.99566622833989,7.32369303210888,-1.09766867883735,-42.1521971935909,-18.5510177295529,-6.15670972435775,2.58281028847876,8.77038701045133,-0.895268924813054,2.14989413528233,9.70119796990723,-56.693762707402,-0.213935418875314,9.77831236341006,-0.667623365163543,-1.81784177470267,9.76879086216007,0.02504523843832,1.37393879402477,9.66495260462036,-1.12900923345493,5.29073506470165,13.6129481114729,14.7841127190973,0,0,0,838.90486524091,0.0396495703563724,0.0163549152674838
64.27,-12.7947978228785,-48.8314619591076,-49.9735588136515,-47.9588285112497,-113.161022811548,-114.211622683375,-19.2000275847006,82.7833691978242,84.3636470558124,-22.7578854838757,56.0193565076209,62.3119498717025,1.78364527727367,8.67912457198962,-1.32122177028202,-10.354329539123,13.8086430435258,78.5599117710107,-5.28461228853352,7.87823506183174,-2.03980699728806,-17.1895399205375,1.55663045093063,-34.3317634864144,-5.97356524345702,7.28883219598866,-1.18445577830583,-39.3297237049326,-14.6360907552515,-5.1654992657677,2.51184615302985,8.80803179372747,-0.899689398823549,1.9271372350574,8.62636980660104,-55.7127158286088,-0.220983053960136,9.78126002118174,-0.66081314124321,-1.5596951647648,8.70024282952262,-0.387024285003614,1.40967195950276,9.6449753458154,-1.10054066141662,5.56716281408022,12.6899239550076,14.4477279341088,0,0,0,840.081502844219,0.0391285175626357,0.0162449262002786
64.275,-13.0389530897429,-48.8310533727863,-49.6198363639812,-48.5219663179048,-112.627561330795,-114.222533627592,-18.789777636417,82.0499896565563,84.2616737497562,-22.4847222356417,54.632649646707,60.9454491679672,1.83004191635608,8.68923073984582,-1.32154956504424,-9.69166941384653,15.1150942621954,78.7387898132185,-5.34506279460748,7.84336305403956,-2.03055277456584,-17.7438568268485,2.74944073176472,-33.5777030928823,-5.96429270713312,7.24864797326532,-1.2624598500312,-36.243795500551,-10.7014551558627,-4.18492456759307,2.44099901622674,8.84560729640247,-0.905837215890623,1.69232644130276,7.52248743390194,-54.72422825131,-0.236229351168071,9.78200298803598,-0.6556228239192,-1.31299551267841,7.59781579203111,-0.774495815162843,1.43918432740069,9.62525371169495,-1.07395786607936,5.80834136516188,11.7269608706455,14.0573674651572,0,0,0,841.474428442191,0.0386426241658664,0.0161568820436804
64.28,-13.2834911298611,-48.9076080236828,-49.3311559390157,-49.082017490756,-112.01023457034,-114.099717434571,-18.3837270344614,81.2101203912107,84.0164621003937,-22.2183852417781,53.2673987727543,59.5623437062234,1.88159326944115,8.70019694976054,-1.32073595432967,-9.06628394900181,16.2699998944973,78.8909522221885,-5.40184668433034,7.81476792687672,-2.01625720212899,-18.2329107057416,3.80493940104468,-32.7728596886698,-5.96858756838616,7.20397255015849,-1.33102764573738,-32.9650640796044,-6.81755217427753,-3.24491794591473,2.37083313340332,8.88303044246474,-0.913345212008821,1.44610794363679,6.39570258098471,-53.735119633427,-0.259369918394342,9.78079916381375,-0.652117229532515,-1.07952337832416,6.46761534125421,-1.13569828818201,1.46239093188524,9.60624129814355,-1.04991980114143,6.02015040019324,10.7351693947417,13.6212113457167,0,0,0,843.037447197692,0.0381875556607427,0.0160894749242981
64.285,-13.5287792772178,-49.0576294713799,-49.1134606945236,-49.6386261745001,-111.321736748923,-113.851664333034,-17.9823404404189,80.2773188085693,83.63188569245,-21.9587252915921,51.9319900372561,58.1701915003922,1.93813895768661,8.71179839636324,-1.31849611727991,-8.48307033310731,17.2621163167808,79.0200461169008,-5.45568276875571,7.79203830504407,-1.99712343332522,-18.6472238249404,4.71459543757985,-31.9263566632323,-5.9868213299927,7.15567385793718,-1.38963850768206,-29.5633477593938,-3.05030001401474,-2.3702306368869,2.30186329147666,8.92022116728452,-0.921860897364824,1.18941269051609,5.25226872145265,-52.752208014954,-0.289955773112383,9.77793552710904,-0.650350958665457,-0.860705488148557,5.31597420420559,-1.46925790278978,1.47934068573463,9.58835973322752,-1.02903854048852,6.20911000439391,9.7259804128838,13.1477304430181,0,0,0,844.704813408682,0.0377659841374498,0.0160372952844083
64.29,-13.7751591571271,-49.275975981768,-48.9707285963948,-50.1915008019274,-110.574925485248,-113.488166122574,-17.5860090775307,79.266272577475,83.114181633682,-21.7055531851555,50.6344212872223,56.7769561744437,1.99945595702898,8.72382250741514,-1.3146095857222,-7.94605585455594,18.083136705014,79.1292395199301,-5.50726857407533,7.77468631316846,-1.97339528116842,-18.9786709663011,5.47267559020555,-31.0478490256598,-6.01900547366931,7.10464215967035,-1.43793086187941,-26.1062341247481,0.539802123591103,-1.58002921389752,2.23454578118653,8.95710018127236,-0.931056379505839,0.923424849313003,4.09842385811924,-51.7821520871501,-0.327403374799867,9.77371756930222,-0.650366272325039,-0.657607937816339,4.14932267196794,-1.77411576693583,1.49020875246481,9.57198550586669,-1.01186211774932,6.38222920892051,8.71091957535951,12.6455152543551,0,0,0,846.403013259982,0.0373827154834521,0.0159959294549479
64.295,-14.0229394279768,-49.5560541699852,-48.9049485048943,-50.7404138002586,-109.782599666343,-113.02009119398,-17.1950468484965,78.1924458069086,82.4717746378734,-21.4586425347908,49.382130072985,55.3908607860498,2.06526575023717,8.73607228997912,-1.30892432094165,-7.45840289819166,18.727642856258,79.2212089730373,-5.55726129138733,7.76216687258517,-1.94535754706521,-19.2205912318901,6.076125309353,-30.1473229221076,-6.06481364719183,7.05177891361012,-1.47572082806369,-22.6578062953022,3.89846016248201,-0.88766106490475,2.16927157888389,8.99358726450925,-0.940636952339504,0.649543209595299,2.94027374242165,-50.8312998811042,-0.371008298733157,9.76845918635802,-0.652191444567215,-0.470939373420995,2.97405729849989,-2.04954246217787,1.49528584869101,9.55743894518325,-0.998859640444288,6.54684318479039,7.7013809974597,12.1231026449557,0,0,0,848.065933111099,0.037043774077695,0.0159639220731878
64.3,-14.2723896352357,-49.8900414518178,-48.9161485904431,-51.2852002783894,-108.957295626243,-112.459149401485,-16.8096882652718,77.0717166450237,81.7150506640549,-21.2177333653409,48.1818338900216,54.02022847008,2.13524163421834,8.7483685634375,-1.30135895687019,-7.02242707547731,19.1930126298236,79.2981442879823,-5.60626232696547,7.75389646034435,-1.91333512323567,-19.3678643422701,6.52441245931218,-29.234898591207,-6.1236159479545,6.99798747825202,-1.50301205707583,-19.2775184700459,6.97825223599023,-0.300585448580218,2.1063618082686,9.02960012919179,-0.9503481443896,0.369337197223233,1.78367955393549,-49.9055481924321,-0.419962028084793,9.76247329408233,-0.655839670499005,-0.301063520962473,1.79641249662633,-2.29514858991126,1.4949650607566,9.54497567034437,-0.990409074500425,6.71044152938875,6.70840548055167,11.588804371613,0,0,0,849.64944612614,0.0367553709282695,0.0159448545954053
64.305,-14.5237352941101,-50.2691317747955,-49.0024737888209,-51.8257558094265,-108.111106207228,-111.817653033326,-16.4300881896252,75.9200151291633,80.8560874522904,-20.9825364268376,47.0393877005606,52.673314698051,2.20901598727715,8.76055115655592,-1.29190324375754,-6.63962767626284,19.4792881181685,79.3617687776036,-5.65480552212593,7.74927089224582,-1.87769083241873,-19.416952087175,6.81934003440261,-28.3206425277169,-6.1945223371786,6.94416508821631,-1.51999652471058,-16.0192397657274,9.73916721550725,0.179538291527247,2.0460654690744,9.06505385952426,-0.959981108829376,0.0844992782883938,0.634153896961304,-49.0102165806006,-0.473371253105843,9.75606337827769,-0.661308555142102,-0.148020167116332,0.622339481130122,-2.51089042416721,1.48972676777254,9.53478067247977,-0.986787952944542,6.8804902020026,5.74246810710908,11.0505413940425,0,0,0,851.143104670153,0.0365218154882578,0.0159413527598486
64.31,-14.777154288587,-50.6837988954167,-49.160308110915,-52.3620334412418,-107.255526363154,-111.108280020052,-16.0563233411001,74.752969705087,79.9083501383055,-20.7527381112601,45.9596631155547,51.3581362778297,2.28618734467203,8.77247919902066,-1.28061677749288,-6.31072942089236,19.589010041197,79.413373069397,-5.70334898973867,7.74768177762081,-1.83882207199681,-19.3659064980608,6.96483410379027,-27.4143939116028,-6.27643212998249,6.89119549506417,-1.52704662631048,-12.9304790066791,12.1490054269857,0.55661771166658,1.98855934455644,9.09986091525375,-0.969376300416441,-0.203204476927401,-0.503231485547816,-48.1499391796407,-0.530279011808479,9.74951613583296,-0.668580137909116,-0.0115534801423897,-0.542603482225277,-2.69706993980386,1.48012225090751,9.52696505042467,-0.988167095294015,7.06424981907953,4.81327948879013,10.5156878129041,0,0,0,852.572993782305,0.0363455556545336,0.0159591051016426
64.315,-15.0327746452198,-51.1240713266069,-49.3844369263963,-52.8940400810158,-106.401327954885,-110.343845250331,-15.6883954897197,73.5855702761591,78.8863606852463,-20.5280058473231,44.9464527874394,50.0823023653107,2.36632719560949,8.78403065826498,-1.26762609466941,-6.03573426651037,19.527024081419,79.4538604198232,-5.75227039861975,7.74853136862726,-1.797156403539,-19.2143470552143,6.96671309833965,-26.5256094908922,-6.36808658729089,6.83994174400366,-1.52469946921971,-10.0517970501165,14.1836333749225,0.839764882932083,1.93394993926599,9.13393166253873,-0.978425401002823,-0.491983996471352,-1.62392347323185,-47.3285768760952,-0.589686984510102,9.74309530562946,-0.677621331971836,0.108853574586337,-1.69334621038741,-2.85432868142853,1.46675655515843,9.52156532259687,-0.994607271280921,7.26859325623031,3.92960437733748,9.99092795185824,0,0,0,853.991734492011,0.0362280028104489,0.0159988964888704
64.32,-15.2906737097203,-51.579812900162,-49.6682438137993,-53.4218324075504,-105.558465307016,-109.537085430895,-15.3262362146274,72.4318550185229,77.8053501556028,-20.3079938340878,44.002402647101,48.8528527143236,2.44898649679476,8.79510126296942,-1.25312016415011,-5.81398177201232,19.300264948555,79.4838013017485,-5.80186543046311,7.75124559077228,-1.75314626507275,-18.96340979651,6.83244436789017,-25.6632301500923,-6.46812184845308,6.7912387227285,-1.51363469084702,-7.41640763403538,15.8270862909761,1.04282254145447,1.88227725302278,9.16717537458582,-0.987071438217634,-0.78007343652062,-2.72394855239914,-46.5491516970363,-0.650573072565545,9.73703949320198,-0.688384599608547,0.213940015683663,-2.82538442773525,-2.98363514855273,1.45027681255925,9.51854677616072,-1.0060586493338,7.49982588904414,3.09910100237289,9.48212982928004,0,0,0,855.456757707714,0.0361695726330231,0.0160585981732089
64.325,-15.5508787225992,-52.0410025756785,-50.0039361768205,-53.9455124673431,-104.736011958335,-108.700462337718,-14.9697130767299,71.304627579352,76.6809028855188,-20.0923489656657,43.1289736843345,47.6761081532205,2.53370197297812,8.80560292982055,-1.23734425793897,-5.64421626282311,18.9175238983058,79.5034949138564,-5.8523490436805,7.7552850973743,-1.70726298726404,-18.6156715665866,6.57089370507979,-24.835571405552,-6.57511975902127,6.74588531829014,-1.49464739382056,-5.04996278697566,17.0715152100785,1.18379870600289,1.83352015917712,9.19950162309365,-0.995307034393367,-1.06577662943055,-3.79995520462052,-45.8138045399443,-0.711832592915469,9.73160125307234,-0.700808611251521,0.304624094493334,-3.93483808611891,-3.08626557502997,1.43144389485254,9.51783190486785,-1.02236273984661,7.76351236475865,2.32818446386396,8.99423815283339,0,0,0,857.003670756593,0.0361717158627439,0.0161351306921063
64.33,-15.8133687562039,-52.4980067209776,-50.3827935272923,-54.4652231070745,-103.94212794639,-107.845988573646,-14.618637023112,70.2152107236471,75.5286014537654,-19.8807167952744,42.3264340782866,46.5575378606886,2.62000231226908,8.81546178657612,-1.22059218027286,-5.52465879954821,18.3892052515138,79.5130351649756,-5.90385910999341,7.76015424506537,-1.65999027297609,-18.1750528663912,6.19207325068591,-24.0502390771862,-6.68765454157307,6.70463619761476,-1.46861787064527,-2.97051467550713,17.9169788910202,1.28423120372561,1.78760312163725,9.23082196034369,-1.00317075781112,-1.34750845439948,-4.84923624580283,-45.1237766813317,-0.77233352706531,9.72702500867209,-0.714818852007832,0.381958240345511,-5.01848839930931,-3.16377818020437,1.41107947457034,9.51929410561267,-1.04325675976599,8.06431445173176,1.62191765103844,8.5311899591609,0,0,0,858.628324199941,0.0362298415575184,0.0162215913996002
64.335,-16.0780779397015,-52.9418366995648,-50.7954320893758,-54.9811433864949,-103.184055884172,-106.985079094951,-14.2727708137409,69.1732418742785,74.3636810001871,-19.6727473873247,41.5938815899773,45.5016474440098,2.7074143479393,8.82461587340081,-1.20319689044032,-5.45308180054893,17.7270771812003,79.5123786470203,-5.95646194831133,7.76540794528297,-1.61181726518449,-17.6467028748094,5.70689283838706,-23.314070409036,-6.80433370955817,6.66819335537257,-1.43647971640536,-1.18864245119075,18.371084991019,1.36850430126182,1.74440395857249,9.26105177411951,-1.0107416325229,-1.62383094846909,-5.86973007601163,-44.4794148264093,-0.831173600102718,9.72342033989241,-0.730328191764605,0.447082903048794,-6.07379226369049,-3.21798117976818,1.38979301082249,9.52269396746533,-1.06838095483614,8.40584508214925,0.98393322156378,8.09585594365321,0,0,0,860.283072001549,0.0363354252414292,0.0163121603596483
64.34,-16.3448998621003,-53.364384479667,-51.2320791613983,-55.4934841021892,-102.468143138658,-106.128430822991,-13.9318382376182,68.1865152244115,73.2007009792395,-19.4681009110546,40.9292952539443,44.5118911295912,2.79546926167744,8.83301260800259,-1.18551965818362,-5.42688414182837,16.9440216631933,79.5014121602831,-6.01015926681097,7.77065640955532,-1.56323129746419,-17.0368702452365,5.12691937566087,-22.6330999671451,-6.92383210660376,6.63719765240862,-1.39918775395866,0.292269824626703,18.4484891831708,1.46313943105895,1.70376234572086,9.29011218595058,-1.01813198087583,-1.89348311465096,-6.86000035646028,-43.8801988164711,-0.887647376723427,9.72079285007067,-0.747237318618103,0.501180490557617,-7.09887332511178,-3.25089507302676,1.36802499237887,9.5277091403102,-1.09728855211521,8.79054398957077,0.416389920896372,7.69001021981643,0,0,0,861.888864220255,0.0364799893733065,0.0164030679489251
64.345,-16.6136930083552,-53.7586292510197,-51.6828504817621,-56.0024835350972,-101.799886581698,-105.285931650312,-13.5955338673143,67.2608740608372,72.0532418541422,-19.266452838391,40.329614532757,43.590610587669,2.88370877527359,8.84060611309616,-1.16793801243606,-5.44316467559131,16.0537880281541,79.480017507423,-6.06489603659933,7.77556787041486,-1.51471040189879,-16.352763244184,4.46414828028931,-22.0125487563349,-7.04491843375117,6.61222061289065,-1.35768696805899,1.47561982402478,18.1702650632564,1.59608077225925,1.66548875013678,9.31793186109026,-1.02547889404568,-2.15540357018162,-7.81919435392735,-43.3247905079847,-0.941031447411684,9.71916821123439,-0.765435223869486,0.545430610384648,-8.0924897095027,-3.26470996390466,1.34628740904665,9.53401601528627,-1.12945759453306,9.21958021933772,-0.0800341584281537,7.31433063094712,0,0,0,863.353481492813,0.0366470688835114,0.0164896959217122
64.35,-16.8842870521849,-54.1188087660006,-52.1380237118067,-56.5084035138191,-101.183995744465,-104.466599120049,-13.2635330889636,66.4001556702051,70.9336335499408,-19.0674986219876,39.7908432807149,42.7390020587628,2.97169124416018,8.8473545202201,-1.15083285726296,-5.49879236233923,15.0707540184921,79.4481315139473,-6.12056885686695,7.77986941766969,-1.46671564521296,-15.6024026987242,3.73079030690333,-21.4568341973998,-7.16647407662862,6.59375676855923,-1.31288340734854,2.37105488184685,17.5631614355295,1.79599429632199,1.62937349539438,9.34444860693432,-1.03293472550512,-2.40874542059696,-8.7469810562765,-42.8111017936631,-0.990620082367159,9.71857946275102,-0.78479966516479,0.580967826090642,-9.05397934100355,-3.26173891178562,1.32512944450233,9.54129172816302,-1.1643048108379,9.69278622591231,-0.506109869404958,6.96843080987122,0,0,0,864.59149914708,0.0368202528792567,0.0165704668371696
64.355,-17.1564898033507,-54.4405502330448,-52.5883011190001,-57.0115258625502,-100.624469746026,-103.678548042871,-12.9355021401988,65.6061897528286,69.852721682198,-18.8709577463758,39.3081751222817,41.9571125559407,3.0589975375178,8.85321737608962,-1.13457521385009,-5.59047156915053,14.0096976574236,79.4057995351158,-6.1770344233846,7.78334613941214,-1.41968337795148,-14.7944710509946,2.93907633345281,-20.9695979257761,-7.28750443569961,6.58221684595452,-1.26561780315245,2.99383850241644,16.6587666709729,2.0915960436036,1.59519568100311,9.36961065372792,-1.04065706952419,-2.65288303675119,-9.64347109917402,-42.3363792679148,-1.03581319769898,9.71902706615225,-0.805197657543843,0.608843116447306,-9.98318476212336,-3.24436852759335,1.30504499842812,9.54920153690184,-1.20120145312883,10.2086273139905,-0.863986746954343,6.65092401400137,0,0,0,865.541399863598,0.0369820832783612,0.0166428952050177
64.36,-17.4300945881757,-54.7209569650463,-53.0250546703552,-57.5121492778684,-100.124683063733,-102.92898535539,-12.6111078916307,64.8788497136792,68.8196766527144,-18.6765770653065,38.8761362139006,41.243865011104,3.14523658112512,8.85815328804441,-1.11951309845381,-5.71480150761607,12.8855826009775,79.3532210446831,-6.23411777813924,7.78583879849407,-1.37401751031874,-13.9381605807046,2.10108187406794,-20.5537478396456,-7.40714328153636,6.57792208453214,-1.21664247963985,3.36413297827062,15.4926021492815,2.51102213092002,1.56273171306673,9.39337753398863,-1.04879871679999,-2.88741073346666,-10.5091214658844,-41.8973026625617,-1.07612679888959,9.72047999170159,-0.826486244742894,0.629990160058078,-10.8803603576663,-3.21500821054099,1.28646346563271,9.55740969641598,-1.23949056700517,10.7642089083516,-1.15708564913789,6.35951745700577,0,0,0,866.181474115369,0.0371162132876237,0.0167094636504865
64.365,-17.7048878309005,-54.9586485450251,-53.4405470712375,-58.0105866534388,-99.6874751141615,-102.224229652166,-12.2900271183515,64.2161546559167,67.8418496507978,-18.4841333609131,38.4887408787188,40.5971113424434,3.23005044076771,8.86211795958706,-1.1059590685226,-5.86832922666186,11.713358989175,79.2907862511005,-6.29162009635894,7.78724031022142,-1.3300819726695,-13.0430235530045,1.22857228475238,-20.2115104537881,-7.52465089609144,6.58109994272364,-1.16660199303888,3.50621568496109,14.1031682186683,3.08124953839411,1.53176325081398,9.41572049968009,-1.05749807908472,-3.11213367910005,-11.344628748424,-41.4900939090018,-1.11119790682233,9.72287851368307,-0.848513559320136,0.645197453907327,-11.7460657847056,-3.17603954536559,1.26974489975314,9.56559054213949,-1.27850513391062,11.3553226204506,-1.38995738435164,6.09113450538395,0,0,0,866.540094426668,0.0372121703534927,0.0167717022602254
64.37,-17.9806566005129,-55.1537539223595,-53.8281228347655,-58.5071628468704,-99.3152386861268,-101.569752069833,-11.9719550262003,63.614418430113,66.9246784256448,-18.2934350844086,38.1396553008353,40.0137115720929,3.31311883179234,8.86506278252477,-1.09417896668415,-6.04759600318426,10.5077811587308,79.2191030418362,-6.34932585133758,7.78749131510757,-1.28819357626719,-12.1188266848571,0.332868867298258,-19.9444894053859,-7.63940691974212,6.59188139566711,-1.11601784011032,3.44764647107973,12.5309665517613,3.82757326509275,1.50208442994194,9.43662244085733,-1.06687055065537,-3.32705169054539,-12.1508154305568,-41.1106335319833,-1.14078637070412,9.72613731748689,-0.871120193005008,0.655087104383903,-12.581050163819,-3.12976743829406,1.25517684657802,9.57343863095094,-1.31758643283802,11.9765303714562,-1.56811199538847,5.84206076909823,0,0,0,866.692455385599,0.0372654099428031,0.0168301095203898
64.375,-18.2571958930897,-55.3078585154067,-54.1823642480205,-59.0022128592572,-99.0100024774682,-100.97023458986,-11.6566128224982,63.0684407404795,66.0716444223846,-18.104323262676,37.8223643465513,39.4896363463906,3.39416295776779,8.8669341506421,-1.08438235686209,-6.24917735331141,9.28324294746378,79.139013906944,-6.40700927504584,7.78657515126089,-1.24861555152952,-11.1754119076276,-0.575264608375232,-19.7537259109596,-7.75089890599866,6.61029996309887,-1.0652775282901,3.21840328735779,10.8175222596755,4.77314217012987,1.47350827342866,9.45607730375849,-1.07700121896147,-3.53233687613197,-12.9285141230553,-40.7545810506928,-1.16477365608597,9.73014882643822,-0.894140856580155,0.660100900262629,-13.3861321415407,-3.07837455755463,1.24297273322649,9.58067757598546,-1.3561018810151,12.6212840177491,-1.69782483868299,5.60810886171064,0,0,0,866.738450064485,0.0372803774516071,0.0168880809662317
64.38,-18.5343154331925,-55.4239080206173,-54.499208100264,-59.4960803761419,-98.773503377021,-100.429641372044,-11.3437541517327,62.5717341531442,65.2842815323076,-17.916671579365,37.5303366622298,39.0200895335436,3.47294861199252,8.86767361854796,-1.07671506290605,-6.46971717992018,8.05363074171535,79.0516028259655,-6.4644183297895,7.7845506304255,-1.21155214158647,-10.2225649538063,-1.48571600455842,-19.6397571029873,-7.85869352428547,6.63633407876723,-1.01462649557496,2.85000292055685,9.00442784133825,5.93855300962071,1.44587222739938,9.47408905482458,-1.08793924089009,-3.72830635826154,-13.6784548993015,-40.4174961435734,-1.18315878286725,9.7347866814546,-0.917406259375418,0.660493995507219,-14.1620812346014,-3.02388055799935,1.23327169148629,9.58706729579358,-1.39346158578777,13.2820761761525,-1.78592679111903,5.38479556310082,0,0,0,866.766335256527,0.0372643081499318,0.016944068371517
64.385,-18.8118457987501,-55.5060731114068,-54.7760202252933,-59.9891165995627,-98.6072446839684,-99.9512984449981,-11.0331702522125,62.1167799039281,64.5622353367129,-17.7303856620841,37.2571834561055,38.5996470199199,3.5492885163822,8.86721894446957,-1.07125409370284,-6.70595674578784,6.83219393418085,78.9581924023071,-6.52121115710886,7.7816729942531,-1.17714458112256,-9.26989284316308,-2.38910096978615,-19.6026684982999,-7.96237560477398,6.67004651703513,-0.964160804031343,2.37462358486559,7.13242929943184,7.34150015501858,1.41904275581824,9.49067029469669,-1.09969407086875,-3.91539151083155,-14.4011608074416,-40.0949574980265,-1.19605167214278,9.73990934049001,-0.94074509483289,0.656336214832094,-14.9095058671785,-2.96810740890337,1.22613969990853,9.59240951780907,-1.42913290077207,13.9506164966236,-1.83958665454547,5.16752444208587,0,0,0,866.815151396396,0.0372294517570684,0.0169994096307562
64.39,-19.0896437009985,-55.5595804497316,-55.011626239287,-60.4816792852905,-98.5125371456562,-99.5379769689324,-10.7246937288825,61.6953046660622,63.9033703681329,-17.5454016282787,36.99680676111,38.2224074164514,3.62304391159436,8.86550594942718,-1.06800510084391,-6.95475920913589,5.63143210988179,78.8603317842894,-6.57707637418715,7.77819610391096,-1.14546833482989,-8.32671093221462,-3.2768227724051,-19.6421373678968,-8.06160548167578,6.71137757908109,-0.913840036007945,1.82424625128108,5.24057281903504,8.99647743230847,1.39291889824065,9.50584067761482,-1.11223359755824,-4.09410526176459,-15.0968562839973,-39.7826764815133,-1.20366423552344,9.74536379504086,-0.963986001199495,0.647520677327661,-15.6287532143982,-2.91265191841311,1.22157194112039,9.59655150393903,-1.46265243068989,14.6180266867017,-1.8660939913922,4.95176679127199,0,0,0,866.855184006375,0.0371830131985897,0.0170534451935849
64.395,-19.3675962829564,-55.5905163916372,-55.206298268015,-60.9741318880091,-98.4905205438011,-99.1919753518558,-10.4182008791374,61.2985699490615,63.3039216173487,-17.3616839609539,36.7435334650026,37.8821501327193,3.69412543584167,8.86247103273352,-1.06690239552376,-7.2131304056222,4.46299808308579,78.7597761158382,-6.63189751513798,7.77407255663226,-1.11653246747078,-7.40193986533627,-4.14111745585326,-19.7574644587453,-8.15620359938955,6.75983231556781,-0.863510215574283,1.22983185578275,3.3654283908356,10.9145284159293,1.36743466198495,9.51962532058791,-1.12548414528651,-4.26500903393235,-15.7653926252519,-39.4766030110381,-1.2062995989907,9.75098941505774,-0.986959383389184,0.6337791439302,-16.3198254258047,-2.85886627782908,1.21949627798467,9.599388070552,-1.493635132743,15.2750472358765,-1.87265023162466,4.7332339871831,0,0,0,866.796902209852,0.0371351303276108,0.0171084944399515
64.4,-19.6456243350301,-55.6056104146391,-55.3616988861404,-61.4668427104831,-98.54216449462,-98.9151957410325,-10.1136125513888,60.9176655496034,62.7586853225447,-17.1792228012925,36.4922319322025,37.5724961810048,3.76249333089535,8.85805412922969,-1.06781145879301,-7.47823645620996,3.33761585717939,78.6584584159978,-6.68558852831874,7.76922163443136,-1.09028110604219,-6.50401255152878,-4.97508584893628,-19.9475923042886,-8.24602037465987,6.8147881059137,-0.812905305861567,0.620551661324366,1.54040461425802,13.1030420979214,1.34256010823415,9.53205338444975,-1.13933223105195,-4.42868083853214,-16.4061939604791,-39.1730212581898,-1.20433989217477,9.75662192486575,-1.00949902602852,0.614703252770031,-16.9823160946795,-2.80784715213958,1.2197777538556,9.60086203674615,-1.52178037221859,15.9122489502884,-1.8661750724273,4.50803502133139,0,0,0,866.525446765587,0.037087900428928,0.0171628663182197
64.405,-19.923684363247,-55.6120056434311,-55.4807848680948,-61.9601839508301,-98.6682480694727,-98.7092108185557,-9.81089355909997,60.5437984578245,62.2612430266464,-16.9980307582202,36.2384086144867,37.2870671296201,3.8281569982545,8.85220187597268,-1.07053380302924,-7.74741866644885,2.26501263364462,78.5584549047103,-6.73797800371366,7.76373677035638,-1.06659696105191,-5.64079118025422,-5.77271379325349,-20.2111091895361,-8.3308399475273,6.87573324949344,-0.76165667954522,0.0230877701111732,-0.204833475939112,15.5655918193827,1.31830101289564,9.54315698010675,-1.1536279273897,-4.58568590528564,-17.0182263580037,-38.8686331222083,-1.19823305433056,9.76209748680214,-1.03144348205142,0.589770619962047,-17.6153700079304,-2.76043352796136,1.22222402339708,9.60096325936969,-1.54687497528856,16.5202429421898,-1.85313409821729,4.27281383734681,0,0,0,865.949301838097,0.0370385344379862,0.0172208014651085
64.41,-20.2017694830976,-55.6170239701602,-55.5676746121576,-62.4545305447715,-98.8693187883844,-98.5753173864778,-9.51005071473923,60.1685688722032,61.8042120131676,-16.8181393447543,35.9782826932183,37.0196378217713,3.89117390686221,8.84487076051824,-1.07481397195766,-8.01820608213892,1.25386410840921,78.4619448801968,-6.78888344385176,7.75776297018058,-1.04530707881724,-4.81949425379351,-6.52888176411442,-20.5462386638982,-8.41041037992188,6.94214657041805,-0.709322223955318,-0.538980112638413,-1.84483441118216,18.3018164600605,1.29469703161186,9.55297050871351,-1.16818964846353,-4.73655104429056,-17.599991798109,-38.5606277510275,-1.18847911129958,9.76725683699667,-1.05263727034342,0.558374652354195,-18.2176682770411,-2.71721319914489,1.22659162266236,9.59972641824955,-1.56879347693362,17.0898834956397,-1.83939228473231,4.02486217084175,0,0,0,865.046603713082,0.0369841300680038,0.0172845158419879
64.415,-20.4799091489664,-55.6279331736638,-55.627484196574,-62.9502587069624,-99.1456324379856,-98.5145739096856,-9.21112958737266,59.7842254731996,61.3795145571567,-16.639595157191,35.7088375125939,36.7642787988528,3.95164783168972,8.83603003892539,-1.08034839989945,-8.28832598191693,0.311752432574266,78.3711663156478,-6.838137324585,7.7514491762944,-1.0261901650496,-4.04663362440281,-7.239364881198,-20.9508152904795,-8.48444300751578,7.01345973670316,-0.65541498276349,-1.04568716174073,-3.3587119268911,21.3073439886028,1.27181835997064,9.56153049303125,-1.18281014483038,-4.88174369536756,-18.1495477877531,-38.2467357904813,-1.17561636354676,9.77194938723603,-1.07293195052242,0.519856844200575,-18.787439938375,-2.67853743280149,1.23259298795499,9.59722771310582,-1.58749588144424,17.6124591683826,-1.83009668572241,3.76220476585974,0,0,0,863.894991632062,0.0369158349428691,0.0173571551589946
64.42,-20.7581677646763,-55.6517231420225,-55.6661379225234,-63.4477440868335,-99.4970759743121,-98.5278199648629,-8.91421012329103,59.383892816378,60.9786579770104,-16.4624559155958,35.4278483190735,36.5154848013821,4.00972638050875,8.82566424022483,-1.08679579278454,-8.55571251383268,-0.554863632041484,78.288368385116,-6.88558724553576,7.74494418827641,-1.00898532682994,-3.32796156710552,-7.90082413345458,-21.4222480586551,-8.55259643370083,7.08906650720796,-0.599431836962153,-1.48108296067714,-4.73037515194905,24.5737584643762,1.24976094942112,9.56887590391886,-1.19726345988819,-5.02165634648139,-18.6645524035534,-37.9252674816606,-1.16020789315157,9.77603718271063,-1.09218715697829,0.473540310888788,-19.3225000577876,-2.64454303006871,1.23990413148533,9.59358062866801,-1.60302332837355,18.0798685128761,-1.82959020373767,3.48365507798996,0,0,0,862.67741649225,0.0368307391798977,0.0174427346493413
64.425,-21.0366422538842,-55.6948978416317,-55.6901598705315,-63.9473594694071,-99.9230765148041,-98.6156763893463,-8.61940130013901,58.9617646304596,60.5930172583743,-16.2867864825952,35.1338866001583,36.2682862521742,4.06559774724264,8.81377511825801,-1.09378864641557,-8.81851361222452,-1.34066666780833,78.2157621594064,-6.93109568389669,7.73839262263452,-0.993401956540429,-2.66842798486025,-8.51078947521031,-21.9574735395135,-8.6144624038685,7.16833093461457,-0.540883067634557,-1.83350880638014,-5.9486373823083,28.0886123444583,1.22864041687307,9.57504893498104,-1.2113125718287,-5.15659670826739,-19.1423335539614,-37.5951341929252,-1.14282874910278,9.77939858977383,-1.11027167313138,0.418763343287298,-19.820313307419,-2.61518069072506,1.24817287582679,9.58893091800914,-1.61549208884858,18.4847778125334,-1.84135698647611,3.18884080574339,0,0,0,861.660866520594,0.0367287928755706,0.0175411957407139
64.43,-21.3154586992398,-55.763289071019,-55.706453434242,-64.4494719697214,-100.422500062664,-98.7785258020479,-8.32683501062774,58.5132579021393,60.2141120490133,-16.1126549721621,34.8263020865376,36.0183412392387,4.11948662352341,8.80038296442149,-1.10094547994128,-9.07509625253841,-2.04148680277996,78.1554707376899,-6.9745394775559,7.73193086575574,-0.979130388673264,-2.07214792195846,-9.06763528200401,-22.5529014085092,-8.66955397352671,7.25059400861992,-0.47932152819343,-2.09574694802802,-7.00720644029763,31.8354864217131,1.20858486545575,9.5800961364356,-1.22471741759108,-5.28678372886988,-19.5799802594195,-37.2558534570277,-1.12405411050315,9.78193158450973,-1.12706460748136,0.354911837103346,-20.2780809167548,-2.59024832096947,1.25702753782799,9.58345095162735,-1.62508630173156,18.820759142074,-1.86799872110655,2.87819975953211,0,0,0,861.150629430949,0.0366238397896526,0.0176522733056048
64.435,-21.5947681857187,-55.8618972958232,-55.7220759988352,-64.954439690222,-100.993544100209,-99.0164740480485,-8.03665939136175,58.0351238532506,59.8338700914897,-15.9401290510851,34.5051842154345,35.7620061931148,4.17164921492894,8.78552724404269,-1.1078833383464,-9.32405001616272,-2.65429613567313,78.1094800939892,-7.01580916606652,7.72568299916266,-0.965852936729131,-1.54237964215574,-9.57054849440555,-23.2043553830485,-8.71729641343557,7.33517835092696,-0.414370175873821,-2.26503964087367,-7.90456228602352,35.7940998828889,1.1897269033776,9.58406979134563,-1.23724297646605,-5.41234923818452,-19.9744527889981,-36.9075380686084,-1.10444866032315,9.78355652423611,-1.14245670001098,0.281449553476821,-20.6928478687452,-2.56942770286289,1.26608593717211,9.57733358457459,-1.63204980718914,19.0824077964084,-1.91123998092095,2.55294763256513,0,0,0,861.425656864083,0.0365346218695173,0.0177736037305252
64.44,-21.8747420057842,-55.9947640131495,-55.7440159093788,-65.4626078330255,-101.633628560798,-99.3292939680681,-7.74903182509034,57.5255132543355,59.4448696590978,-15.7692725234469,34.1713055276839,35.4963841759721,4.22236734571024,8.76926655435373,-1.11423011378285,-9.56418885822192,-3.17719123611084,78.0795919077102,-7.05480830537148,7.71975670234762,-0.953254902706411,-1.0815135948906,-10.019489649802,-23.9070129182135,-8.75702131821985,7.42139074808237,-0.345746799748513,-2.34297968925719,-8.64372978458454,39.9404728403591,1.17219519784719,9.58702940417617,-1.24866709236559,-5.53334474082643,-20.3227076142898,-36.5508702588937,-1.08455733125357,9.78421830762206,-1.15635175308892,0.197945292986204,-21.0616262697813,-2.55232278638528,1.27496459007084,9.57078570432902,-1.63667736378737,19.2654386383928,-1.97195987584032,2.21502014038393,0,0,0,862.669137613409,0.0364867663110278,0.0178997027852725
64.445,-22.1555664014539,-56.1648791339954,-55.7789786413855,-65.9743042825411,-102.33928990321,-99.7163536854302,-7.46411185053474,56.9839949111719,59.0405542732867,-15.6001422732465,33.8260500401097,35.2193504467262,4.27194168381656,8.7516779191273,-1.1196362469713,-9.79455091593499,-3.60936350749292,78.0673796059074,-7.09145284285693,7.71423916225413,-0.941035144506309,-0.691072628344868,-10.4151469333558,-24.6553471722138,-8.78796438611494,7.50852251949053,-0.273284910611345,-2.33527784109806,-9.23195629696803,44.2471433107892,1.15610592712703,9.58904317160868,-1.25878772736871,-5.649752649046,-20.621832394212,-36.1870623799133,-1.0648975148507,9.7838878604261,-1.16866814295782,0.104096206477757,-21.3815300211918,-2.53849777735831,1.28328794207039,9.56402163520629,-1.63930546498593,19.3667611986214,-2.05024658821001,1.86699272878605,0,0,0,864.910517482266,0.0365088754118976,0.0180260091637336
64.45,-22.4374370305044,-56.3741258099858,-55.8331886593178,-66.4898346977544,-103.106083042465,-100.176532310357,-7.18205421279811,56.411527547216,58.6154138843426,-15.4327856229026,33.4713300687088,34.9295557140646,4.32068416578956,8.73285543706623,-1.12378539446639,-10.014396169729,-3.95105721140169,78.0741487733379,-7.12567059811135,7.70919303837914,-0.928915794839066,-0.371723797869588,-10.7588833812052,-25.4430747989462,-8.80926730223939,7.5958479518391,-0.196949905403143,-2.25141591400913,-9.68030510452682,48.6834400815069,1.14155449596515,9.59018931532174,-1.26742935960731,-5.76150106971162,-20.8691856274755,-35.8178058811184,-1.04595275737458,9.78256291900685,-1.17934032843224,-0.000253383456104921,-21.6499153008635,-2.52751317834894,1.29069749343752,9.55725659026518,-1.64030292082146,19.3845335109953,-2.1454708877941,1.5119816246898,0,0,0,867.998680920726,0.0366166335417115,0.0181480049559095
64.455,-22.7205533506315,-56.6232640254771,-55.912212848244,-67.009477176804,-103.92849581001,-100.70812656173,-6.90300227939492,55.8103866806888,58.1651277616868,-15.2672381465145,33.109495277646,34.6264082121837,4.36890974877605,8.7129082960709,-1.12640369477754,-10.223201768808,-4.20351503470505,78.1009029867836,-7.15740084946419,7.70465254956143,-0.916650758442551,-0.123302061255914,-11.0526774327967,-26.2631130516087,-8.81998408036022,7.68262126000305,-0.11684976814801,-2.10419789895593,-10.0031767137875,53.2158122869692,1.12860786160247,9.59055717053452,-1.27444827698467,-5.86848113992607,-21.0625352565419,-35.4452106267315,-1.02816789682219,9.78026811715237,-1.18832024428154,-0.115098117598435,-21.864520980404,-2.51895800520789,1.2968606710817,9.5507003725148,-1.6400613469186,19.3181948105964,-2.25637435831224,1.1535304377067,0,0,0,871.618855446146,0.0368178643736399,0.0182651588931861
64.46,-23.0051131161388,-56.9119531015174,-56.0208106506553,-67.5334765785701,-104.799880353319,-101.308752282005,-6.62708203248094,55.1840493828462,57.6866655314596,-15.1035219573632,32.743237830293,34.3100364057975,4.41692766530673,8.69195816824329,-1.12726734343731,-10.4206548556666,-4.36891121443981,78.1483159983847,-7.18659398790356,7.70061976600695,-0.904032669692705,0.0551539383231142,-11.2990571436513,-27.1075494831857,-8.81909210341529,7.76807272123723,-0.0332397313345218,-1.90921448103993,-10.2177709219493,57.8082157734424,1.11729778324615,9.59024793770042,-1.27973658152574,-5.97056585268822,-21.2001904439449,-35.0717367625735,-1.01194552929716,9.77705440755139,-1.19557845655696,-0.240262992162295,-22.0236030220358,-2.51247656677525,1.3014792944099,9.54455152425022,-1.63898569019898,19.1684774149015,-2.3811678424234,0.795486808656267,0,0,0,875.352423452434,0.0371025621151215,0.0183780066056558
64.465,-23.2913071764416,-57.2388120604403,-56.1628151564147,-68.0620386060245,-105.712405490678,-101.975245158242,-6.35439682743582,54.5370410089191,57.1783440795053,-14.9416444703169,32.3754974091915,33.9812347238403,4.46503240447699,8.67013602407799,-1.12620829338231,-10.6066427785978,-4.45027240738979,78.2167110226253,-7.21321117959073,7.69706121279272,-0.8908980593678,0.165353913025307,-11.5010285353536,-27.9676271928616,-8.80550796262089,7.85140474749027,0.0534794604307786,-1.68423925325745,-10.3435031564736,62.4225552895163,1.10761526428278,9.58937501624412,-1.2832248091957,-6.06762933163508,-21.2811210017861,-34.7001213899596,-0.997643636127291,9.7729978651327,-1.20110497107643,-0.375400138566259,-22.1260571529919,-2.50778846471684,1.30429747243936,9.53899210073982,-1.63748489210722,18.9373982941045,-2.51763560308542,0.441873720333619,0,0,0,878.764234853616,0.0374509644273737,0.0184940686135118
64.47,-23.5793147542946,-57.6015155706519,-56.3410484004997,-68.5953237731122,-106.657033417639,-102.703565150093,-6.0850230822087,53.8747490454732,56.6398393680214,-14.7815976226165,32.0093695401059,33.6413952069121,4.5134946863996,8.64757844920195,-1.12311801168183,-10.7812406842447,-4.45138670701268,78.3060476731141,-7.23722397909198,7.69390491844819,-0.877130546037127,0.209695844005039,-11.6619987914659,-28.8337480788774,-8.77810803503799,7.93178870840258,0.142769747155293,-1.44857703362642,-10.4013889370301,67.0191800084566,1.09950640977844,9.58806385100149,-1.28488317174306,-6.15956559831155,-21.3050595044043,-34.3333022556206,-0.98557416420568,9.76819792658879,-1.20490961888661,-0.519990963281456,-22.1715246697354,-2.50470082246336,1.30510876323105,9.534183203597,-1.63596273735669,18.6282308707482,-2.66324099382795,0.0967600093933814,0,0,0,881.491832682729,0.0378312603302988,0.0186160328646681
64.475,-23.8692993644002,-57.9969220211696,-56.5572730426712,-69.1334413899915,-107.623523375956,-103.488709154087,-5.81900703158071,53.2032101256464,56.0721535539915,-14.6233575217034,31.6480201826501,33.2924283063267,4.56255273073137,8.62442359424737,-1.11794932148871,-10.9446966386453,-4.37670148746609,78.4159168536405,-7.25861381910856,7.69103805268929,-0.86266193707907,0.191194003095051,-11.7856953133568,-29.6954959274912,-8.73575352251349,8.0083633123629,0.23397011022469,-1.22238579687366,-10.4134102372554,71.5574278614628,1.09286987124528,9.58645123820606,-1.28472151220986,-6.24630601274422,-21.2725818725167,-33.9743405463707,-0.976002336503382,9.76277512347595,-1.20702197581009,-0.67335348608255,-22.160476998081,-2.50311215207961,1.30376241853344,9.53026136220887,-1.63480887921584,18.2454573872722,-2.81523004020661,-0.235865658914707,0,0,0,883.312380148267,0.0382108134129631,0.0187494770054286
64.48,-24.1614055104161,-58.4212292030764,-56.8121814603247,-69.6764437097537,-108.600463952223,-104.324636294457,-5.55636264664057,52.5288769879256,55.4775391081125,-14.4668844767645,31.2946089877346,32.9366762749871,4.61240414037383,8.60080691389607,-1.11071642448161,-11.0974146112606,-4.2312110924345,78.545543641592,-7.27737032215397,7.68830495252353,-0.84747120701348,0.113395568431301,-11.8760819987596,-30.5416804388779,-8.67731843208554,8.08023508527438,0.326316340433115,-1.02599369513053,-10.4018770456202,75.9962119498715,1.08755599368398,9.58468406140124,-1.28278811847041,-6.32783473830007,-21.1851631073291,-33.6263447045244,-0.96914647403474,9.7568683708653,-1.20749079950357,-0.834654608215827,-22.0942755474752,-2.50300769309663,1.30016852383165,9.52733581277718,-1.63439001418657,17.7947018200544,-2.9707301563945,-0.552213540838106,0,0,0,884.169675204505,0.0385578568545832,0.0188961040989177
64.485,-24.4557562710028,-58.8701521173912,-57.105422108915,-70.2243203828418,-109.575334617733,-105.204209920626,-5.29707078331996,51.8583726641697,54.8593828770271,-14.3121233618348,30.9522229859518,32.5768226350608,4.66319871773469,8.57685684715057,-1.10149323161187,-11.2399358246826,-4.02033575403538,78.693797925415,-7.29349020161993,7.68550637989045,-0.831581432015744,-0.0197133693321698,-11.9372744329163,-31.3604025278774,-8.60172162220991,8.14648219849039,0.418965420371214,-0.879231658587895,-10.3887966892495,80.2946403935672,1.08336771582661,9.58291745576707,-1.27916755384708,-6.40420176294539,-21.0452058262974,-33.292396961681,-0.965178131180341,9.75063187913457,-1.2063829851067,-1.00292695301141,-21.9752043944487,-2.50444650166478,1.29430182548508,9.52548669910107,-1.6350412235262,17.282643016526,-3.12684207385288,-0.848801040505795,0,0,0,884.160156704075,0.0388505008677069,0.0190525828187953
64.49,-24.7524518541892,-59.3391166373287,-57.435661824331,-70.7769933632857,-110.534596088878,-106.119159914322,-5.0410795858709,51.1982394898581,54.2220541743792,-14.1590042529385,30.6238217792971,32.2158010967771,4.71503249800564,8.55269056810597,-1.09041014112577,-11.3729190748823,-3.7497934775618,78.8592122941194,-7.30697972649984,7.68240110712839,-0.81505487645756,-0.203811268043674,-11.9734559157243,-32.1391404993786,-8.50796494472859,8.20616315061075,0.511023643350589,-0.800800492822772,-10.3952627291831,84.4126597239425,1.08006320740539,9.58131242522214,-1.27397765172697,-6.47553317976022,-20.8560402706323,-32.9754840312331,-0.96422237679792,9.74423175798188,-1.20378205429618,-1.17708983673619,-21.8064743690852,-2.50754102614676,1.28620402527643,9.52476419901705,-1.63705759648657,16.7169077137329,-3.28072376342573,-1.12254777541436,0,0,0,883.486282087198,0.0390767875284321,0.0192145744430361
64.495,-25.0515691649638,-59.8234621548061,-57.8006815913146,-71.3343124039445,-111.463808131547,-107.060068281644,-4.78830613280614,50.5546906128551,53.5707219963626,-14.0074432800624,30.3121945751702,31.8567070459373,4.76794323077231,8.52840991432228,-1.07764941035212,-11.4971206397374,-3.42546692580205,79.0400064524824,-7.3178544132034,7.67870755194675,-0.797986533284964,-0.434352569084765,-11.9887963458335,-32.8648560160435,-8.39516971331297,8.25832916711597,0.601576727453164,-0.807689546526432,-10.4408746732982,88.3117113842798,1.07736016507871,9.58003295705939,-1.26736580338702,-6.54203857433509,-20.6218954814905,-32.6784331150054,-0.966358087913445,9.73784237861893,-1.19978621307221,-1.35597383757878,-21.5921981595992,-2.51243035668807,1.27598433269496,9.525188557849,-1.64068636704721,16.1059434726025,-3.42966559116863,-1.37085544942774,0,0,0,882.395532338089,0.0392376202228786,0.0193747405484297
64.5,-25.3531623947782,-60.3186459629386,-58.1975022156955,-71.8960512667792,-112.347772567042,-108.016380254983,-4.53863927518175,49.933371524923,52.9111473078731,-13.8573436367637,30.0199286597639,31.5027143296874,4.82190748533727,8.50409759300941,-1.0634392891984,-11.6133743264621,-3.05326756893958,79.2341172647784,-7.3261340490968,7.67410508845171,-0.780496526067046,-0.706685279574449,-11.9873759421073,-33.5241181547295,-8.26260819178919,8.30204006474046,0.689720592934686,-0.91466207938056,-10.5431994839993,91.9553907725814,1.07494163485031,9.57924269369674,-1.25950466530482,-6.6040154818889,-20.3478423569739,-32.4038540815268,-0.971618159908223,9.731642553149,-1.19450604428038,-1.53834833313535,-21.3373370735266,-2.51924875667383,1.26381809587794,9.52675098110731,-1.64611988950513,15.4588722824406,-3.57115619557245,-1.59167108115585,0,0,0,881.12331962173,0.0393398602538353,0.0195237575555796
64.505,-25.6572646048358,-60.8204420115668,-58.6225353506786,-72.4619047593248,-113.170698509209,-108.976442292392,-4.29194358124255,49.3391387878846,52.2494570135643,-13.7085966957098,29.7493882108036,31.1569995704942,4.87683950901303,8.47981377825101,-1.04804712045329,-11.7225720919284,-2.63899953509615,79.4392334109106,-7.33184048732447,7.66823781900348,-0.762721838638493,-1.01617257411354,-11.9731156296366,-34.1032432768887,-8.10973613623787,8.33638550901591,0.774592317422344,-1.13382041591267,-10.7172858317856,95.310098109472,1.07246318388227,9.57910123282302,-1.2505874297935,-6.66185096904568,-20.0397103027324,-32.1540883795833,-0.979989580119573,9.72581158151114,-1.18806193884276,-1.72295127508804,-21.0476210986857,-2.52809144827432,1.24994338509274,9.52941530315176,-1.65348982052255,14.7853264900781,-3.70293874065584,-1.78353269510622,0,0,0,879.853742408938,0.0393994966383069,0.0196571942816446
64.51,-25.9638902388674,-61.3251268062045,-59.0717544730542,-73.0314866904578,-113.916386226383,-109.927567476696,-4.04806426833363,48.7758625816895,51.5919066975791,-13.561083187034,29.502701735098,30.8226756519855,4.9325919291851,8.45559323936861,-1.0317716493529,-11.8256455391109,-2.18822571686068,79.6528335632701,-7.33499707560627,7.6607202969375,-0.744807866756281,-1.3583160243401,-11.9497156874315,-34.5884479080299,-7.93622352800452,8.36051079599305,0.855400059114958,-1.47426170223457,-10.9752420763494,98.3456699189555,1.06956120708467,9.57976013963823,-1.24082282609661,-6.71602047202685,-19.703980156788,-31.931164984287,-0.991413365792368,9.72052520995692,-1.18058140285898,-1.90852037332251,-20.7294448772361,-2.53897989764418,1.23465548079567,9.53312031166282,-1.66286286053983,14.0952696023075,-3.82305741079315,-1.94559713064409,0,0,0,878.704790753568,0.0394345465594508,0.0197726977514376
64.515,-26.273038466814,-61.8296455893863,-59.5408797153216,-73.6043288176458,-114.568425437704,-110.856127919834,-3.80683297344765,48.2462589772412,50.9446394765447,-13.4146744072899,29.281755948854,30.5027353774846,4.98895834888889,8.43144316490036,-1.01493480502912,-11.9235484756741,-1.70613878327765,79.8722269556247,-7.33562682128741,7.65114418692953,-0.726900281020246,-1.72887782839164,-11.9206039807513,-34.9660113370076,-7.74197892112881,8.37364536237026,0.93145059646115,-1.9418324138859,-11.325888778374,101.035979105849,1.06586211884435,9.58135877015305,-1.23043002880962,-6.76708408507832,-19.3476569393821,-31.736763461112,-1.00578443227231,9.71595154239477,-1.17219639429664,-2.09382478422712,-20.3897430790725,-2.55182898088599,1.21829931999458,9.53778257422768,-1.67423834851877,13.3988052788741,-3.92989429486271,-2.07765015373815,0,0,0,877.733847069388,0.0394611646967418,0.0198699105900735
64.52,-26.5846972297239,-62.3317525820253,-60.0255699610792,-74.1798808345721,-115.110403385375,-111.747672900166,-3.56807418857038,47.7517569754978,50.3134483591237,-13.2692334388438,29.0881936892335,30.2000056388762,5.04567783468459,8.40734185254589,-0.997873208830972,-12.0172406325665,-1.19743983771321,80.0945952167045,-7.33375048672807,7.63908628126061,-0.709137631785868,-2.12399918933553,-11.8888948046714,-35.222444230068,-7.52716710312788,8.37513309940185,1.00217349319066,-2.53898658227333,-11.7744959105768,103.359490871642,1.06099214853458,9.58402002281222,-1.21963363682016,-6.81568053420625,-18.9781266561083,-31.5721840941808,-1.02295152215951,9.71224695093921,-1.16304083833176,-2.27769635285524,-20.035849342344,-2.5664183699599,1.20126006943139,9.54329959113561,-1.68754792379267,12.7059784494333,-4.02219708140189,-2.18009955547087,0,0,0,876.953871398308,0.039493517397259,0.0199485904560257
64.525,-26.8988478294958,-62.8301199542577,-60.5216153260509,-74.7575114229774,-115.526117680822,-112.587070627978,-3.33161216677546,47.2924043588913,49.7035493450283,-13.1246163714178,28.9234134851457,29.9171117926535,5.10244123536755,8.38323841596906,-0.980929631172496,-12.10767258512,-0.666227559221263,80.3170343814458,-7.32938484515526,7.6241178556092,-0.691645050691625,-2.54031177562248,-11.8573590548185,-35.344659241101,-7.29221897627395,8.36446308208712,1.06714083893274,-3.26474906854437,-12.3226137071407,105.299761484496,1.0545874331192,9.58784615455476,-1.2086588511444,-6.86251908611959,-18.6030017895046,-31.4383249579943,-1.0427173755508,9.70955204474011,-1.15324844563168,-2.45905945426806,-19.675343361536,-2.58237024864671,1.1839521047344,9.54955309178824,-1.70265738156373,12.0265729830075,-4.0990981435902,-2.25395237990928,0,0,0,876.351552976518,0.0395388911164858,0.0200105935588057
64.53,-27.2154698859885,-63.3244112986028,-61.0251230928835,-75.3365103665348,-115.799788711598,-113.358670770432,-3.09727809038605,46.8668152779258,49.1193721349678,-12.9806735279312,28.7885686973481,29.6564513676994,5.15889921096952,8.35905361783052,-0.964444576481392,-12.1957718928599,-0.115900754297375,80.5365960700216,-7.32254124338615,7.60581524752412,-0.674529313269818,-2.97503900253112,-11.8284061129463,-35.3201394176885,-7.03783279216067,8.34129921001604,1.1260816029485,-4.11478134492405,-12.9680042527234,106.845867455897,1.0463040858116,9.59291481293655,-1.19772693760806,-6.90836963183402,-18.229960230248,-31.3356657990243,-1.0648393461983,9.70798777343708,-1.14295092153081,-2.63695851615025,-19.3158908270005,-2.59913507620709,1.16680676576138,9.55641230144773,-1.71937075985314,11.3699107416657,-4.16012557638046,-2.30077783713967,0,0,0,875.899251975339,0.0395974807743387,0.02005401355341
64.535,-27.5345464693178,-63.8153166659114,-61.5326903540426,-75.9160916984814,-115.916266389428,-114.046484192981,-2.86491728390434,46.4721612963826,48.5643747724512,-12.8372507048664,28.684564612981,29.4201757686236,5.21467180454204,8.33468188326705,-0.948748140816304,-12.2824304694209,0.450922705403119,80.7503269287585,-7.31322460960043,7.58377147004786,-0.657875438756516,-3.42608373441778,-11.8040774818619,-35.1371001706308,-6.76496628787688,8.30550723265156,1.17888980498175,-5.08154345045368,-13.7046785217738,107.992753911582,1.03582791991787,9.59927544445865,-1.18705102845668,-6.9540511570605,-17.8665822682111,-31.2642586125329,-1.0890306667777,9.70765175963638,-1.13227661786156,-2.8105823756711,-18.9650807982346,-2.61598661037039,1.15025931859383,9.56373702773233,-1.73743661035364,10.7446571500419,-4.2052065913593,-2.32265782633577,0,0,0,875.564194300857,0.0396646529961675,0.0200809690196113
64.54,-27.8560692073339,-64.3045476031084,-62.0415570441337,-76.4953978294277,-115.861226189037,-114.634375810686,-2.63439625203224,46.1042063743323,48.0408878150423,-12.6941904425717,28.6120524588943,29.2101783226914,5.26935935893718,8.30999448256307,-0.934152259095128,-12.3684932023765,1.03246761623993,80.9553055417623,-7.30143302306879,7.55760860618421,-0.641744919770769,-3.89209896558585,-11.7860518227709,-34.7846407000817,-6.47481976543503,8.25717767368601,1.22562594949331,-6.15454237667271,-14.523040727601,108.741492640811,1.02288352068487,9.60694624133513,-1.17683229595244,-7.00041878054302,-17.5201899682969,-31.223724827484,-1.11496254245277,9.70861497172681,-1.1213496462979,-2.97928471926022,-18.6302648092721,-2.63202683953181,1.13473558553475,9.5713804501072,-1.75655632180841,10.158638565079,-4.23466347032635,-2.32212731998886,0,0,0,875.319141353211,0.0397297037438278,0.0200918007012731
64.545,-28.1800431673504,-64.7947920033438,-62.5497336988955,-77.0735045780842,-115.62134973139,-115.106266008353,-2.40560932697186,45.7573850121179,47.5499927573421,-12.551333343096,28.5714198951713,29.0280868657178,5.32255456216396,8.28484379403207,-0.920943431333185,-12.4547478513918,1.62784105241246,81.1486761321829,-7.28715792465332,7.52699066856744,-0.626175597524882,-4.37253812995116,-11.7756606381709,-34.2528810581904,-6.16881068195874,8.19664328992757,1.26651148296423,-7.32065442289102,-15.41013868696,109.099442259377,1.00724238274188,9.61591178741618,-1.16725651286854,-7.04834951682056,-17.1976928831632,-31.2132590304961,-1.14226721217801,9.71091886447289,-1.1102894406451,-3.142599963149,-18.3184016450131,-2.64620090784306,1.12063871581326,9.57919153982501,-1.77639428997054,9.61867670412938,-4.24920211525779,-2.3021071349253,0,0,0,875.154243983496,0.0397820402627964,0.0200898153673954
64.55,-28.5064913169295,-65.2896299158944,-63.0560991377838,-77.6494270063204,-115.184485647353,-115.446335796732,-2.17848471917888,45.4249215586369,47.0914384255487,-12.4085194524985,28.5627781195189,28.8752590735698,5.37385538363335,8.25906847223142,-0.909375984656834,-12.5419162446488,2.23704734721499,81.327678470523,-7.27038499272111,7.49163655572624,-0.611183124694236,-4.86768194219822,-11.7739134087708,-33.5330814759476,-5.84854082845671,8.12448990243365,1.30191640634826,-8.56450736227514,-16.3500156944117,109.080305010336,0.988729863798229,9.62612155861716,-1.15849099416703,-7.09872690353821,-16.9054436683043,-31.2316391578865,-1.17054206647872,9.71457312819309,-1.09921072569683,-3.3002540435996,-18.035911354601,-2.65732157977301,1.10833657516026,9.58701708666864,-1.79658967002005,9.1304451859912,-4.24989315447163,-2.26583181278018,0,0,0,875.089160897764,0.0398120120814509,0.0200784101698215
64.555,-28.8354583805804,-65.7934127300458,-63.5604642950256,-78.2221259417604,-114.539787087768,-115.639230733715,-1.95298978165392,45.0989875049047,46.6635979620637,-12.2655897214042,28.585946218803,28.7527789064364,5.42287862959258,8.23249926952121,-0.899665893930166,-12.6306467603221,2.86097637915348,81.48967350082,-7.25109565063372,7.45133269973246,-0.596763878963384,-5.37863909993565,-11.781530552767,-32.6177411778291,-5.51575763971304,8.04155970354926,1.33234056769483,-9.86890777824099,-17.3241563725482,108.704076832164,0.967230747472051,9.63748942071665,-1.15068189270454,-7.15242462397658,-16.6491067886466,-31.2772430593519,-1.19935485185706,9.71955419400463,-1.08822382320582,-3.4521696936553,-17.7885417055815,-2.6641022964463,1.09815023684083,9.59470335438735,-1.81676939329583,8.69835286933719,-4.23814557482034,-2.21677542237299,0,0,0,875.175208001641,0.0398218747013168,0.0200608797982991
64.56,-29.1670139271917,-66.3111093223278,-64.0635995786841,-78.7905150566973,-113.677822987493,-115.670258660319,-1.72913531939702,44.7708924514202,46.2634678475095,-12.1223875522358,28.6404338337179,28.6614528167304,5.46927379787814,8.2049652092341,-0.891985161393244,-12.7215080333434,3.50136367482037,81.632164297049,-7.22926912348592,7.40594498611356,-0.582899102981385,-5.9073187746377,-11.7989821723829,-31.5006746233734,-5.1723115718237,7.948946449254,1.35838949859403,-11.2152995752176,-18.3120162253943,107.996889251393,0.942693263186227,9.64989424033802,-1.14395180916529,-7.21028925219511,-16.4335431206154,-31.3480712916182,-1.2282499254939,9.72580463456995,-1.0774352040726,-3.59846589344868,-17.5812499118573,-2.66519743133133,1.09034405019506,9.60209741608151,-1.83656207293983,8.32545812637433,-4.21567292881751,-2.15857807023076,0,0,0,875.483280597563,0.0398168789128834,0.0200414645330378
64.565,-29.5012545464536,-66.8481238524418,-64.5672243750798,-79.353468362077,-112.590661076047,-115.525576482881,-1.50697880227568,44.4313034243094,45.8867091961957,-11.9787604343869,28.725423569807,28.6018047462041,5.51273685569837,8.17629979621556,-0.886456751026555,-12.8149837937276,4.16072153314474,81.7528120861205,-7.2048865248834,7.35542035137793,-0.569559950751353,-6.45637356898954,-11.826530242826,-30.1770639082478,-4.82011437348079,7.84797333732209,1.38074528572473,-12.5842410728567,-19.2916221275702,106.990743186534,0.915131480345322,9.66318167989546,-1.13839767825394,-7.27312225353016,-16.2627128099194,-31.4417759412491,-1.25675545020451,9.73323357354017,-1.06694818093499,-3.73945130789798,-17.4181020414828,-2.65924796624965,1.0851177329044,9.60904822948452,-1.85561236000799,8.01341744024014,-4.18445228364674,-2.0949757783923,0,0,0,876.07469238371,0.0398091237248825,0.0200223698586575
64.57,-29.8383050007637,-67.4100908620668,-65.0739585946962,-79.9098279700584,-111.271921596382,-115.19236157283,-1.28662637042009,44.0704863711573,45.5277303408476,-11.8345616599858,28.83975488024,28.5740693700939,5.55302351398499,8.14634697030869,-0.883150086515124,-12.9114687425327,4.84224114915801,81.849447224394,-7.1779412047483,7.29974709688142,-0.556713019472753,-7.02911248482954,-11.8642717308479,-28.6434868888699,-4.46110944659812,7.74012411387388,1.40013162027471,-13.9558898064179,-20.2402286428148,105.723135753133,0.884626069184073,9.67716718970454,-1.13408890890303,-7.3416613908522,-16.1395982014188,-31.5556952084261,-1.28439134730868,9.74171817605541,-1.05686362691585,-3.87561168149166,-17.3021919868365,-2.64493049681959,1.08260087121627,9.61540750755989,-1.87359524592328,7.76247075148265,-4.14667620821822,-2.02973618430959,0,0,0,876.964808110836,0.0398136483752571,0.0200057459029894
64.575,-30.1783182713161,-68.0026541103445,-65.5872374346071,-80.4584119784465,-109.716801677409,-114.658963846113,-1.0682335552617,43.6785630315935,45.1798085274805,-11.6896521032867,28.9819113397546,28.5781835035093,5.58996154265441,8.1149665422492,-0.882077151385767,-13.0112654101399,5.54966653912087,81.9200751800475,-7.14842941299271,7.23902258467998,-0.544326056828289,-7.62938438939831,-11.9121801278204,-26.8979214326589,-4.09721438319636,7.62707265035495,1.41728402841011,-15.3104858228849,-21.1350128658099,104.236581695883,0.851323488008294,9.69164015007215,-1.13106578212575,-7.41656172185106,-16.0661480201151,-31.6868934080328,-1.31067776343496,9.75110624449355,-1.04728060151027,-4.00759134738633,-17.2355812665498,-2.62100726036749,1.08285011834404,9.62103043206246,-1.89022975327728,7.57146482457944,-4.10469823067124,-1.96660224927743,0,0,0,878.092034352075,0.0398454380299196,0.0199947565955423
64.58,-30.5214744521083,-68.6312361585208,-66.1111917711168,-80.9980223350889,-107.922071328578,-113.915035211783,-0.852004675252765,43.2457760018264,44.835247408543,-11.5439020367045,29.1500133164624,28.6137760375047,5.62346167274977,8.08203888212434,-0.883189269623854,-13.1145820088144,6.28714192210446,81.9628777273682,-7.11633427075517,7.17358330060095,-0.532373376619233,-8.26143345324881,-11.9701430441359,-24.9397270195865,-3.73024863765315,7.5107667458894,1.4329239236757,-16.6288256999711,-21.9537885233924,102.578031383055,0.815433705254441,9.70636906173991,-1.12933814412711,-7.49837643178624,-16.0432433170473,-31.8322059525036,-1.33514376193841,9.76121989566776,-1.03829676389598,-4.13616922000373,-17.219260290499,-2.58637478246473,1.08584925766298,9.62577625654501,-1.90529142237849,7.43791461062328,-4.06097237241582,-1.90924583052499,0,0,0,879.308105437634,0.0399124560449693,0.0199905767561859
64.585,-30.8679784820804,-69.3008059944828,-66.6504977541161,-81.5274525498813,-105.886042958573,-112.951633823664,-0.638190901934676,42.7627546636567,44.4855659897182,-11.3971929468469,29.3418179715591,28.6801571906908,5.65352666234275,8.04746865219172,-0.886374686669314,-13.2215313652008,7.05903508307784,81.9762096722564,-7.08164884794094,7.10391577380955,-0.520840605682504,-8.92972903240495,-12.0379938148358,-22.7696057141636,-3.36193291109535,7.39329588656761,1.44771878531257,-17.8927207074467,-22.6757185645605,100.798187662688,0.777226594599589,9.72110763782848,-1.12888446612769,-7.5875378339145,-16.0706850960772,-31.9882887607841,-1.35733592250043,9.7718602507165,-1.03000845834629,-4.26222986210257,-17.2531311496475,-2.54010878541462,1.09151214909337,9.62950885251013,-1.9186229892602,7.35810121134746,-4.01798762682882,-1.86123257793214,0,0,0,880.397124749693,0.0400156548782051,0.0199954708289907
64.59,-31.2180567419664,-70.0156519770478,-67.2102002101964,-82.0454951358866,-103.60851720085,-111.761301404223,-0.427087028229418,42.2207747409701,44.121713788481,-11.2494193055477,29.5547282597828,28.776308218897,5.68025815173948,8.01118739739797,-0.891457105267298,-13.3321310748724,7.86974011601165,81.9585914864604,-7.0443955912358,7.03055448871543,-0.509728539797333,-9.63877345374322,-12.1155354785648,-20.3895452700617,-2.99390201812972,7.27674577317198,1.46224272867596,-19.0854335300906,-23.2820046469571,98.9507244640483,0.737027161947801,9.73560161218728,-1.12965136765646,-7.68433898352388,-16.1472030806585,-32.151671383813,-1.37682652189611,9.78281302567218,-1.0225103631359,-4.38673043375061,-17.3360115624368,-2.48150320931337,1.09968841489334,9.63209726190416,-1.93014266316013,7.32720366292726,-3.97819863812803,-1.82599916804598,0,0,0,881.119374721999,0.0401518892598913,0.0200097629994449
64.595,-31.5719525771339,-70.7791670335727,-67.7955153336879,-82.5509486786319,-101.090708549152,-110.338112804927,-0.219027005559103,41.6120045341009,43.7343062306727,-11.1004902448564,29.7858121382888,28.9008729925546,5.70386099094567,7.97315484078328,-0.898195349118507,-13.4463050479913,8.72346379734152,81.9086982347577,-7.00461994697737,6.95411836056235,-0.499055771972209,-10.3928921028444,-12.2025559868938,-17.8027477916075,-2.62768387118917,7.16318610489018,1.47694903120594,-20.192088734186,-23.7565319219562,97.0914108939312,0.695209783409282,9.74959604278907,-1.13155371385893,-7.78891647989889,-16.2704847733256,-32.3188129588856,-1.39322097297541,9.79385486506356,-1.01589461085565,-4.51066453174508,-17.4656593255978,-2.41010155633286,1.11017156638947,9.63341632006179,-1.93984945415381,7.33946040651503,-3.94395433579236,-1.80684340414691,0,0,0,881.266766524177,0.0403130275679844,0.020034792408671
64.6,-31.9299208393293,-71.5936524391386,-68.4116188157605,-83.0426244531859,-98.3351549108945,-108.677697887591,-0.0143783486523256,40.9297313813927,43.3138737678467,-10.9503310819676,30.0318325777823,29.0521530036057,5.72464478356634,7.93335878240107,-0.906284321955141,-13.5638866145848,9.62400062729668,81.8253451486131,-6.96238787374688,6.87532925192974,-0.488860047395023,-11.1960110611372,-12.2988340614928,-15.0135479215774,-2.26469308504477,7.05464184692508,1.4921452742876,-21.2000524860944,-24.0864483180797,95.2771458500031,0.652191653884748,9.76284285490987,-1.13447539212357,-7.90123515294137,-16.4372237459037,-32.486159926215,-1.40616422145998,9.80476021365493,-1.01024931449415,-4.63502410723662,-17.6388164177048,-2.32571924380902,1.12270914465114,9.63334740272125,-1.94782508349291,7.38835505568976,-3.91742681105376,-1.80692720823937,0,0,0,880.711565586683,0.0404878492591176,0.0200699306372272
64.605,-32.2922215677324,-72.4601456804847,-69.0634260019522,-83.5193525313142,-95.3456156254707,-106.777236721397,0.186464464237734,40.1685625779342,42.8511178585513,-10.7988846405663,30.2892882802006,29.2281073820323,5.74302245800036,7.89181356227568,-0.915357398978592,-13.6846233381867,10.5745022463638,81.7074701430923,-6.91778740908846,6.79500186307268,-0.47919831626475,-12.0514282401973,-12.4041357253221,-12.0273249277589,-1.90624247983857,6.95303981869845,1.50797105404417,-22.0992767328499,-24.2626590739892,93.5649100927705,0.608425659339386,9.77510834191209,-1.13827084863047,-8.02107542314387,-16.643185890108,-32.6502042896725,-1.41534584529537,9.81530847733546,-1.00565646958085,-4.76076079893843,-17.8512717001052,-2.22845618654601,1.13701435654896,9.63177933413571,-1.9542321404083,7.46681999006528,-3.90054316052571,-1.82929201306214,0,0,0,879.436353186972,0.0406669588479232,0.0201115685894608
64.61,-32.6591129523069,-73.3782769149655,-69.7553708601188,-83.9799873450006,-92.1269627373632,-104.635429955357,0.383087443225367,39.3245957975625,42.3371668289538,-10.6461123189555,30.5544643221908,29.4263593792967,5.759505753048,7.84855710776565,-0.924990335587617,-13.8081836515228,11.5772474412675,81.5541134988693,-6.87092958653898,6.71403012348098,-0.470145462211077,-12.9615844701565,-12.5182021622145,-8.85041330868334,-1.55356366972778,6.86015650744575,1.52438060164411,-22.8826021583612,-24.2802196100286,92.0106454711766,0.564392887048154,9.78618032835391,-1.14276742959253,-8.148024163139,-16.8832921016146,-32.8075411029878,-1.42050367086389,9.82529119056187,-1.00218925222902,-4.88874812534296,-18.0979408943483,-2.11869936809378,1.1527786347833,9.62860947898751,-1.95930833248944,7.56745048942582,-3.89492326179043,-1.87688551741886,0,0,0,877.53811255313,0.0408390340192346,0.020158007494123
64.615,-33.0308437396887,-74.3461574764404,-70.4911904798927,-84.42341269704,-88.6850704079688,-102.25244701328,0.575065218150168,38.3955549849951,41.7638247115003,-10.4919948622249,30.8234913461486,29.6442105191956,5.77469759219706,7.80364663855677,-0.934706716135285,-13.9341653757872,12.6334192734013,81.3643948429227,-6.82194861666708,6.63337018131084,-0.461791759869049,-13.927841291853,-12.6407301671124,-5.49001662879418,-1.20783528421926,6.77756874434535,1.54113088834231,-23.5460130046799,-24.1386130441461,90.6680745215505,0.520594977968154,9.79587470662456,-1.14776853013129,-8.28146986428965,-17.1517155662522,-32.9549238288685,-1.4214258098325,9.83451889240278,-0.99990878832048,-5.01974602563704,-18.3729621867051,-1.9971156637123,1.16968453083285,9.62374503691144,-1.96335689136782,7.68272163964769,-3.90182644387098,-1.95259818436225,0,0,0,875.209685996383,0.0409996057964164,0.0202064949205205
64.62,-33.4076452537171,-75.360302805526,-71.2737215227269,-84.8485462334056,-85.0267072729485,-99.629855439443,0.761969661409509,37.3808886517959,41.1238064450607,-10.3365328049796,31.0924114489935,29.8786632473038,5.78928141571544,7.75715314774916,-0.943984902328908,-14.0621061135008,13.7428959839414,81.1374874686248,-6.77100127934439,6.55402010969939,-0.454239168206492,-14.9502722740927,-12.7713469950417,-1.95412922133551,-0.870216967480794,6.70660868228088,1.55777573979663,-24.0888356630603,-23.8419027884806,89.5874776517247,0.477546508948505,9.80404108307678,-1.15305751295395,-8.42060282102587,-17.4419914988962,-33.089316259078,-1.41795111723302,9.84282741748936,-0.998860524778632,-5.15436921282893,-18.6698054532714,-1.86463561870639,1.18741835753252,9.61710456298711,-1.96673341980367,7.80520011473592,-3.9221097859639,-2.05930724213088,0,0,0,872.702629099592,0.0411432266799576,0.0202541975764312
64.625,-33.7897232093583,-76.4155911283082,-72.1047145236504,-85.2543434148568,-81.159436290315,-96.7705352751291,0.94337880378919,36.2818284759691,40.4109532878262,-10.1797465620439,31.3572485871814,30.1264524607558,5.80400763427987,7.70915481764481,-0.952266378648985,-14.1914954146154,14.9040622560748,80.8725899500208,-6.718265498143,6.47699654988952,-0.447596612087413,-16.0274745372532,-12.909581864311,1.74852984058679,-0.54188700820462,6.64832432308441,1.57366645097237,-24.5138721143409,-23.3987555883326,88.8144491935094,0.435767575150795,9.81056730840541,-1.15840232398771,-8.56442089489105,-17.7471368840161,-33.2079397970825,-1.40997690921566,9.85008056301645,-0.999070411437141,-5.29306070060743,-18.981392745849,-1.72242925406981,1.20567290501308,9.60861900556585,-1.96983037228672,7.92774315938153,-3.95620035269085,-2.19992532071358,0,0,0,870.279651502411,0.0412674803770527,0.0203001807010708
64.63,-34.1772495006078,-77.5052582499677,-72.9846712479075,-85.6398010460126,-77.0915262312277,-93.678582750944,1.11888583909172,35.1014070605384,39.6204229192798,-10.0216761563627,31.6140811362537,30.3840858089959,5.81967745826775,7.65972956539963,-0.958965337678606,-14.3217885122069,16.1136471523382,80.568894939075,-6.66393809561251,6.40330861766075,-0.441974440187947,-17.1564068277818,-13.0548366925195,5.60856651131294,-0.224081296696253,6.60344662650357,1.58795933488242,-24.8274590444689,-22.8223358009925,88.3886574222978,0.395776725751538,9.81538271465909,-1.16356070077052,-8.71174121935763,-18.0597774988405,-33.3083150792777,-1.39750181574656,9.85616040061052,-1.00054120532635,-5.4360716914568,-19.3002273500069,-1.57187526869373,1.22411089499139,9.59823018741428,-1.97306218307737,8.04367763433022,-4.00408308800912,-2.37745027307799,0,0,0,868.163095210267,0.0413729426377896,0.0203444500238543
64.635,-34.570354140455,-78.6209279692814,-73.912709471417,-86.0039604381446,-72.831878426264,-90.3592078258352,1.28810801221216,33.8444346240226,38.7488494594643,-9.86238058545194,31.859114182098,30.6478921626062,5.83712444069209,7.60894694812939,-0.963479306292089,-14.4524213177362,17.3665946039156,80.2255549988597,-6.60823176138401,6.33392950923328,-0.437478271415031,-18.3322599743559,-13.2063588273057,9.61594186122876,0.0818687116159075,6.5723640192376,1.5996305349094,-25.0394438887081,-22.1300772433494,88.3426369428718,0.358084384037376,9.81845993379605,-1.1682858473718,-8.86121796657087,-18.3722792858572,-33.3882971227933,-1.38057387449711,9.86098630613172,-1.00324880861825,-5.58344877332874,-19.6185284464051,-1.41452524501669,1.24242435601946,9.58589784538839,-1.97684164795317,8.14695279761368,-4.06530539414447,-2.59501225119273,0,0,0,866.491631861529,0.041459319988794,0.0203899271693624
64.64,-34.9691175245933,-79.7526768277451,-74.8864586296657,-86.3459102965821,-68.3899716875626,-86.8186301846496,1.45069518853006,32.5174352636088,37.7944694800946,-9.70193683980989,32.0887491284378,30.9140771859697,5.85719414285621,7.55685969518895,-0.965200582372667,-14.5828262700575,18.6559717235932,79.8416453281933,-6.5513713079685,6.26976635132138,-0.434202452471176,-19.5483648892953,-13.3632185726414,13.7599798124294,0.374501231603297,6.55510492549462,1.6074982701861,-25.1630702132101,-21.3433440847269,88.7006444042529,0.323186854721002,9.81981522672361,-1.17233243656258,-9.01136603142355,-18.6768810082914,-33.4461034097251,-1.35917606629886,9.86455110307798,-1.00713917386601,-5.7350290737458,-19.9283682061915,-1.25206465674583,1.26045582305183,9.57161139203938,-1.98155044653779,8.23226151858372,-4.13899868569466,-2.85591379117,0,0,0,865.295066701425,0.0415292327104098,0.0204364873567178
64.645,-35.3735631805919,-80.8891311997965,-75.9019888084893,-86.6647894342496,-63.7758275335654,-83.0639782200678,1.60633790988542,31.1285442711004,36.7572109911037,-9.54043859853321,32.2996482553669,31.1787845459558,5.8807223850932,7.5034951795929,-0.963528229629567,-14.7124485565349,19.9729194619697,79.416123285064,-6.49358934224759,6.21162894576356,-0.432223351878458,-20.7961424824538,-13.5242942043777,18.0293507518356,0.652194556812288,6.55132877038927,1.61025246916954,-25.2147667456501,-20.4869965570697,89.4776101470768,0.291560992144253,9.81950730544392,-1.17546278494992,-9.16059020838166,-18.9658250798575,-33.4803345288348,-1.33329141846476,9.86689777927389,-1.01212606426953,-5.89044367493687,-20.2218080447452,-1.08627262537299,1.27812889341996,9.55538596290127,-1.98752385142782,8.2951258007684,-4.22391648239179,-3.16365854547969,0,0,0,864.494347809104,0.0415874220552201,0.0204889775912065
64.65,-35.7836511510847,-82.0175940983951,-76.9537745700005,-86.9597894189692,-58.9999969438051,-79.1031952747377,1.75477475379127,29.6873687811137,35.6387433296421,-9.37799463881125,32.4887919443289,31.4381609584994,5.90851258073255,7.44884718831409,-0.957880361955024,-14.8407621686473,21.30664924623,78.9477847296109,-6.43512154129427,6.16019815963715,-0.431592718711824,-22.0650989529875,-13.6882669119143,22.4120303086359,0.913144289071899,6.56032577008751,1.606491485416,-25.2138370282271,-19.5888803085114,90.6782189868987,0.263659577957255,9.81763468397068,-1.17745303063463,-9.30721915303765,-19.2314834831766,-33.4899871938792,-1.30298172772799,9.8680914265768,-1.01808979009026,-6.04912921920823,-20.4910307240592,-0.91898246008722,1.29536173541458,9.53725857835157,-1.99503859332206,8.33194378106569,-4.31848788925707,-3.52196439062227,0,0,0,863.926056535215,0.0416365721814531,0.0205482551779745
64.655,-36.1992721437173,-83.124198526605,-78.034694149161,-87.2301572633602,-54.0735688782385,-74.9449570123186,1.89579882766391,28.2048147745534,34.4424868321507,-9.21472700669926,32.6535264224278,31.6884230251612,5.94131267855193,7.39286839212439,-0.947706440177103,-14.9672852123921,22.6444882525027,78.4352173871167,-6.37620178116773,6.1159948018957,-0.432331340481638,-23.3428689402873,-13.853627693709,26.8952337694211,1.15534863752012,6.58102571194152,1.59476529416397,-25.182050062307,-18.6792597636562,92.2961528507571,0.2399074394126,9.81433164777139,-1.17809913116168,-9.4495431473934,-19.466475748558,-33.4744596535923,-1.26835173776154,9.86822656387036,-1.02487750813007,-6.21034725248669,-20.7284650055635,-0.752045019677111,1.31209719230586,9.51729482979251,-2.00429468182546,8.33999673974541,-4.42088459852801,-3.93475692653781,0,0,0,863.381936039382,0.0416862633986401,0.0206141576897467
64.66,-36.6202425627291,-84.194083802427,-79.1360636474229,-87.4751982622142,-49.008199770852,-70.5986032324544,2.02926324847289,26.6928841618196,33.1735821136428,-9.05076900608591,32.7916001226995,31.9259236457232,5.97979227007669,7.33546393466139,-0.932499311497724,-15.091593863898,23.9719748895636,77.8767516672452,-6.31705741449465,6.07934990491035,-0.434423242108542,-24.6153079734138,-14.018697680883,31.4653278793429,1.37660257908764,6.61201582415798,1.57362425537895,-25.1431363478697,-17.7902157282471,94.3135263871672,0.220698325840065,9.80976298685618,-1.17722250165028,-9.58585444640069,-19.6637760608427,-33.4335497091353,-1.22952478089993,9.86742902222699,-1.03230499428838,-6.37321048962496,-20.9268996206015,-0.587296846699772,1.32831810162749,9.49559433449067,-2.01540137277873,8.31741604351981,-4.52909886730673,-4.40613986472826,0,0,0,862.651835434911,0.0417440918870873,0.020685543573105
64.665,-37.046300517588,-85.2115909716206,-80.2477050116563,-87.6942790730358,-43.8161621642343,-66.074086759428,2.15508548016751,25.1644463388763,31.8388196961314,-8.88626307060317,32.9011870964845,32.1472157132582,6.02452045518965,7.27648655132663,-0.911806743858881,-15.2133343518689,25.273004933024,77.2704096484791,-6.25790501997925,6.05037739227551,-0.43781067007537,-25.8666345775261,-14.181662690591,36.107723084231,1.57450118563307,6.6515677141533,1.54167220930355,-25.1221982012589,-16.9550256861737,96.7005439164866,0.206392544726357,9.80411769002282,-1.17467513516981,-9.71448879708387,-19.816806740373,-33.3674457550752,-1.18663807561079,9.86585036958254,-1.04015996173352,-6.53671485907183,-21.0795834917017,-0.426534855730465,1.34403977332507,9.47229444267423,-2.02836879072194,8.26311127671647,-4.64102936662402,-4.94033948132095,0,0,0,861.559400063458,0.0418195880567656,0.0207603234244296
64.67,-37.4771028831932,-86.160473121109,-81.3580458344303,-87.886831121143,-38.5104096214841,-61.3819412364696,2.2732504265215,23.6329892708187,30.4465316099326,-8.72135858905493,32.9808963096779,32.3491108068008,6.0759450938947,7.21573359353347,-0.885242237729895,-15.3322323740624,26.5300275564144,76.6138532270055,-6.19894695195058,6.02895015894857,-0.442390100610573,-27.0796212838277,-14.3406220544873,40.8067505461811,1.74645194649368,6.69767319872881,1.49762235615075,-25.1450478822963,-16.2075419453114,99.4154021437873,0.197315338312035,9.79760184103475,-1.17034408170384,-9.83386660818556,-19.919515648323,-33.2767114490188,-1.13983868020954,9.86366129745959,-1.04820701187891,-6.69977591409495,-21.18030944866,-0.271499126790584,1.35929995039614,9.44757378913271,-2.0431042946774,8.17666202269276,-4.75457144986374,-5.54162119227198,0,0,0,859.983793283111,0.0419204104994308,0.0208383740936231
64.675,-37.9122234637504,-87.0241161115327,-82.4542483508683,-88.0523543916652,-33.1046541044674,-56.5332687704919,2.38381220572305,22.1123558403302,29.0064474331651,-8.55620975857367,33.0297660962815,32.5287306929423,6.13437409370161,7.15294628010176,-0.852494926475397,-15.4480994237731,27.7242892656434,75.904332723051,-6.14036900277921,6.01468061038168,-0.44800949620085,-28.2358326467951,-14.4936509639276,45.5455294592632,1.88969550473498,6.74808865914922,1.4403540819077,-25.2374915403233,-15.5815783344374,102.404457985045,0.193755951908896,9.79043098643337,-1.16415519328285,-9.94253221464712,-19.9664355057626,-33.162264782611,-1.08928024835775,9.86104423752171,-1.05619416258312,-6.86126799625323,-21.2234791474936,-0.123865067700227,1.37414665889954,9.42165550129336,-2.05941386681744,8.05817681418929,-4.86770827608536,-6.21417737984412,0,0,0,857.867983441682,0.042053161653961,0.0209186883514265
64.68,-38.3511522885921,-87.7857649681539,-83.5223644346039,-88.1904216474756,-27.6134511620234,-51.5397474230152,2.48689456496714,20.6164718487783,27.5295180367244,-8.39097354099211,33.0472435162478,32.6835496274733,6.19995937936177,7.08781143068089,-0.813338387416414,-15.5608356120036,28.8361224653217,75.1386375209167,-6.08233945490623,6.00690669349001,-0.454467006246039,-29.3159071990717,-14.6388747526782,50.3058312568587,2.00133393726578,6.80038733722109,1.36896866891405,-25.4245809444291,-15.110311045925,105.602674909122,0.195967300606248,9.78282225773913,-1.15607605602928,-10.0391897245433,-19.9527236696192,-33.0253524628193,-1.03512073158075,9.85818548953192,-1.06386080102177,-7.0200644123376,-21.2041474945427,0.0147541379110184,1.38862442277924,9.39480983000947,-2.07700856400683,7.90812372954597,-4.97859928774314,-6.96198684420118,0,0,0,855.214157513731,0.0422196442089087,0.0210032287401116
64.685,-38.7932960435244,-88.4287509865581,-84.5475129044207,-88.3006830852235,-22.0522875495904,-46.4136575631487,2.58268992764532,19.1590725356528,26.027711063561,-8.22580779671569,33.0331488553144,32.8114257048998,6.27268415948056,7.01996585508169,-0.767638183654634,-15.6704287122412,29.8452740938475,74.3130505761303,-6.02500973914229,6.0046843940795,-0.461511265828993,-30.2998790846144,-14.774552727824,55.0679481986385,2.07836557497552,6.85201873721561,1.28284171543474,-25.7298580712466,-14.8256941005991,108.934354773356,0.204166077731865,9.7749865304441,-1.1461180257332,-10.1227340498804,-19.8741815585943,-32.8675205990684,-0.977521135734367,9.85526715207653,-1.07094680327596,-7.17507684151948,-21.1180455802466,0.142794288771056,1.40275941452337,9.36735592652084,-2.09551584176586,7.72713807867757,-5.08566268147763,-7.78864764341057,0,0,0,852.071975654649,0.0424175881966726,0.0210931813259672
64.69,-39.2379796169863,-88.9367146924527,-85.5140750427948,-88.3828714119426,-16.437665343836,-41.1679251203207,2.67145710075732,17.7534346224167,24.5137828806355,-8.06086966670562,32.987626002045,32.9106198282976,6.35235404367506,6.94900347848482,-0.715357952362805,-15.7769493154534,30.731268505012,73.4233088357176,-5.96851683280337,6.0067875716596,-0.468843392243423,-31.1675339397613,-14.8991683904715,59.8105745135642,2.117725372297,6.90037399057194,1.18167010999475,-26.1746196122187,-14.7578854660234,112.314155576116,0.218533076524875,9.76712089604154,-1.13433727129502,-10.1922758996743,-19.7272536740254,-32.6905827099669,-0.91664539957665,9.85245915046293,-1.07720245768368,-7.32529222214578,-20.9615819393739,0.258716080927583,1.41654418847368,9.3396624637125,-2.11449533810889,7.51581367347763,-5.18764866796576,-8.69718657289545,0,0,0,848.522333141859,0.0426419163055884,0.0211926525077901
64.695,-39.684448717858,-89.2938201744231,-86.4059039091244,-88.4368072930854,-10.7871762285738,-35.8161788312629,2.75351770374517,16.4121205975845,23.0010323705281,-7.89631426721,32.9110798991532,32.9798012531942,6.43859247723226,6.87448517853718,-0.656563855280783,-15.8805421552506,31.473797608302,72.4645717689421,-5.91298742733218,6.01171585894076,-0.476120710136997,-31.8987924905366,-15.0115221987847,64.5107087151058,2.11632996564946,6.94285565614639,1.06551156817365,-26.7772291005271,-14.9346766977097,115.64838896993,0.239213441425108,9.75940171736851,-1.12083472562032,-10.2471597470292,-19.5090070298528,-32.4965860072063,-0.852661421265626,9.84991165876446,-1.08239874223335,-7.46980547273914,-20.7318228880952,0.36097061809673,1.42992269764753,9.31214680112281,-2.13345848406819,7.27448527085136,-5.28370052976039,-9.68985005634549,0,0,0,844.662229711105,0.0428863925964098,0.0213029246217777
64.7,-40.1318735022463,-89.4849568774906,-87.2065428248694,-88.4624050902688,-5.11955943666328,-30.3728177001809,2.82925141035922,15.1467413227813,21.5030424342918,-7.73229375388497,32.8041026649434,33.0180390826208,6.53084085566142,6.79595120213702,-0.591427225219384,-15.9814138470544,32.0531302660288,71.4314002836035,-5.85854377847413,6.01771117839445,-0.482962159239479,-32.4741143512053,-15.1108224669659,69.1435858565815,2.0711267767257,6.97694999686639,0.934815007729413,-27.5525034436176,-15.3809175562982,118.836584694187,0.266316545033909,9.7519785320135,-1.10575486191121,-10.2869740651145,-19.2170927768788,-32.2877767957438,-0.785743208191721,9.84774821662706,-1.08633744971789,-7.60784657836177,-20.42645372474,0.447955454418082,1.44277632884264,9.28527242025473,-2.15189109283861,7.00301077582816,-5.37340083779867,-10.7678827119797,0,0,0,840.592063937452,0.0431437258833554,0.0214233065517613
64.705,-40.5793531303543,-89.495925621684,-87.8994483352319,-88.4596787746585,0.545263122044089,-24.8530841145909,2.89909012153037,13.9677422342431,20.0334154141155,-7.56895680217488,32.667390342046,33.0247795395444,6.62836356245809,6.71293592496545,-0.520225277301227,-16.0798174837465,32.4505321208665,70.3177482987974,-5.80531103195149,6.02278322771173,-0.488955261280344,-32.8749136740615,-15.1967696191287,73.6826483244226,1.97914679822317,7.00029936115834,0.790440381548914,-28.511198046752,-16.1179276886908,121.773302262827,0.29991520206834,9.74496905922216,-1.08928324983101,-10.3115534505156,-18.8496928176053,-32.06656566899,-0.716074065784173,9.84605984214851,-1.08886062937613,-7.7388008220434,-20.0437236558291,0.51796260239856,1.45491170654136,9.25954440596296,-2.16927788819573,6.7005625670869,-5.45680071570218,-11.9313012706214,0,0,0,836.408134251671,0.0434116322340647,0.0215539800144962
64.71,-41.0259211616312,-89.3136062554421,-88.4682130220855,-88.4287478710293,6.18618072584519,-19.2731374126325,2.96351120920202,12.8842175343418,18.6055087839459,-7.40644853947131,32.5016525407434,32.9998093010579,6.73025803790911,6.62498462173287,-0.443339795714491,-16.1760347428803,32.6486864136534,69.1169691553933,-5.75342570147925,6.02474406146174,-0.493664447129736,-33.083977630068,-15.2696288742891,78.0995632517498,1.83756102145639,7.01077196972802,0.63366699448741,-29.6596104472442,-17.1628903035436,124.350163387676,0.340043972584464,9.73845554996965,-1.07164289082994,-10.320972602867,-18.4054551745061,-31.835492989279,-0.643850674372231,9.84490043578473,-1.08985881879856,-7.86222125781037,-19.5823783345561,0.56912042175709,1.46605101581794,9.2355028234597,-2.18512778743514,6.36543778797415,-5.53443071438449,-13.1786727852728,0,0,0,832.2000832023,0.0436906346503516,0.0216911428374438
64.715,-41.4705516867323,-88.9261050200617,-88.8967837517108,-88.3698432594479,11.7809223162709,-13.6501222100467,3.0230299884723,11.903755854033,17.2321773881221,-7.24491095185289,32.3075175236217,32.9432056312299,6.83546983917386,6.53167183446073,-0.361253755733523,-16.27035637519,32.6321059646726,67.8218388718954,-5.70304487116508,6.02125164918867,-0.496640484571792,-33.0858782094385,-15.3302865583109,82.3642937676772,1.64374078962122,7.00652621616115,0.466189775420058,-30.9993166707309,-18.5282277905342,126.458071894849,0.386696366474423,9.73248269781264,-1.05308937936323,-10.3155324894848,-17.8834227193631,-31.5971949367807,-0.569287836717345,9.84428375598842,-1.08927757224168,-7.97783289502767,-19.0415847950607,0.599331762590348,1.47582557484817,9.21371394426653,-2.19899866711386,5.99489759344523,-5.60729262366739,-14.5069070736251,0,0,0,828.049800604766,0.0439870822133712,0.0218279187857862
64.72,-41.9121660883263,-88.3228803188765,-89.1696712741023,-88.2833126375865,17.3061243722814,-8.00222549363107,3.07819158814199,11.032319933948,15.925528239149,-7.08448377435391,32.0854354998267,32.8552744839749,6.94281250090067,6.43262086347845,-0.274545894598221,-16.3630621374972,32.3875263451908,66.4245979961734,-5.6543556066038,6.00986202295374,-0.497430711544256,-32.8673675373407,-15.380285630336,86.4452300905956,1.39532263999591,6.98606658043929,0.290103428891407,-32.5270477585062,-20.2209661569665,127.989581459656,0.439820836597131,9.72705730006112,-1.03390498295191,-10.2957393730764,-17.2829605344504,-31.3543701986701,-0.492623620081831,9.84418222417491,-1.08712184919178,-8.08552847385282,-18.4208542699713,0.60621115261047,1.48377334029175,9.19475940100154,-2.21052031793338,5.58504512432767,-5.67683236031291,-15.9110739625565,0,0,0,824.029935086157,0.0443104389091871,0.0219591742255485
64.725,-42.3496403192506,-87.4948461849456,-89.2721475270436,-88.1696254281021,22.7374418969142,-2.34871639639579,3.12956239797907,10.2741619674242,14.6966934356044,-6.92530585894357,31.8355830820961,32.7364781534895,7.05099185999734,6.32752386406049,-0.183883301092644,-16.4544013796563,31.9042703695947,64.9170134599344,-5.60758399559421,5.98808934431464,-0.495589765076208,-32.4177468210438,-15.4218366699572,90.3093849564939,1.09027838203549,6.94828847649134,0.107874820499222,-34.2347065918328,-22.242103460005,128.841365563957,0.499315531865385,9.72214982262701,-1.01439177844022,-10.2622777042391,-16.6036876096141,-31.1097471698766,-0.414124569040465,9.84452778229011,-1.08345790494941,-8.18535614023407,-17.7199688409179,0.587024177093067,1.48934094580989,9.1792234828222,-2.21941433917088,5.13075139161776,-5.74489488483099,-17.3842561076114,0,0,0,820.199391286454,0.0446710715186056,0.022078811908294
64.73,-42.7818125857776,-86.4344533052239,-89.1904275135637,-88.0293769033207,28.0497049562283,3.29003729461429,3.17772127479069,9.63177536230621,13.5556261581267,-6.76751699896164,31.5577719963258,32.587354419851,7.1586343738036,6.21616200735036,-0.0900121549918301,-16.5445755756222,31.1745743922032,63.2904614100046,-5.56300320302464,5.95347292874771,-0.490690502350007,-31.7291991947995,-15.4578014826725,93.92265608959,0.726991189000637,6.8925098319619,-0.0776956764395234,-36.1095178093475,-24.5860063587198,128.916738959006,0.565021865115735,9.71769797224943,-0.994864024854093,-10.2159781674502,-15.8454187482963,-30.8660513559098,-0.334090631259385,9.84521497436868,-1.07841241994325,-8.27749975900804,-16.9389180570339,0.538632482047922,1.49189074562003,9.16767890612551,-2.22550983359384,4.6256373405633,-5.81366284739237,-18.917447959891,0,0,0,816.599608532531,0.0450754532984683,0.0221816646790041
64.735,-43.2074913258231,-85.1357480091785,-88.9118331918063,-87.8632912944216,33.2171217798351,8.89258147475535,3.22325068855698,9.10588275326554,12.5109239763909,-6.61126017298203,31.251365195949,32.4084294649705,7.26431883442369,6.09842515394926,0.00625319338943042,-16.6337240883979,30.1938674909732,61.5360314744238,-5.52093991664545,5.90364997333026,-0.482334832529025,-30.7970771190116,-15.4916476169622,97.2501564205097,0.304338294016477,6.81848790754,-0.263522845414725,-38.1342968658213,-27.2398675933628,128.128175823369,0.636717030497976,9.71361231775821,-0.975639989974635,-10.1577824098287,-15.0081224433201,-30.6259725096876,-0.25285941906121,9.84610635501514,-1.07216870937008,-8.36225301658796,-16.077851547768,0.45744800950269,1.49071316236974,9.160671513015,-2.22875393384874,4.06211917911118,-5.8855812889392,-20.4995108679696,0,0,0,813.255911920442,0.0455242894793715,0.0222665097804065
64.74,-43.6254633769329,-83.5944102220402,-88.4249374215394,-87.672223654985,38.213527887354,14.4364218715109,3.26672798415014,8.69545911864043,11.5696828803662,-6.45668415544437,30.9152035075604,32.2001271128836,7.36661076167772,5.97433049119442,0.104042560073915,-16.7219143644603,28.9609954574105,59.6446523416032,-5.4817785845961,5.83643244978954,-0.470164213597631,-29.6201356350214,-15.5273733999376,100.256610593151,-0.178219570970523,6.7264207495921,-0.446294062602693,-40.2878186910687,-30.1832646111725,126.399766786214,0.714105686066683,9.70978393369678,-0.95703347168115,-10.0887061661224,-14.0919000908087,-30.3921309002937,-0.170809426074478,9.84704024874927,-1.06495996945595,-8.4399888395345,-15.1370532547227,0.339400119886502,1.48504443125593,9.15870447105873,-2.22921640783968,3.43152260104344,-5.96327121121272,-22.1171933023707,0,0,0,810.188527737186,0.046012390464178,0.0223342275825127
64.745,-44.0345022366193,-81.8077719371271,-87.7196866363734,-87.4571602595646,43.0126790839971,19.898108142932,3.30871692362935,8.39778789582637,10.737384557572,-6.30394642650101,30.5475457886128,31.9626771707449,7.46409865077097,5.84403960195084,0.202443390535307,-16.8091375523174,27.478382580154,57.6072379100459,-5.44596290519153,5.74988635812005,-0.453869619966574,-28.20070368818,-15.5694045225092,102.906814041547,-0.720542583058435,6.61693367600823,-0.622534149575406,-42.5452624666887,-33.3878646742374,123.669554962929,0.796811102353276,9.70609396870033,-0.939345269637637,-10.0098026098975,-13.0969912492761,-30.1670420119901,-0.0883618303052415,9.84784079905414,-1.05705964169191,-8.51112596910186,-14.1169422243323,0.179919144064914,1.47408959756523,9.1622226591624,-2.22708784977026,2.72426977740525,-6.04943519519921,-23.7552237375308,0,0,0,807.433036523142,0.0465276549591338,0.0223857762491999
64.75,-44.4333763274722,-79.7748181706397,-86.7875015403728,-87.2192173370088,47.5885845112038,25.2533590193748,3.34975965938004,8.20854715014461,10.0178184969132,-6.15321630001863,30.1460252965044,31.6960258032152,7.55543116799551,5.70787346984479,0.30051502089755,-16.8953102271008,25.7521254946025,55.4148526213851,-5.41399413074892,5.64241129309764,-0.433200847766366,-26.544786913559,-15.6224646600036,105.166148642537,-1.32171165313391,6.49105226559236,-0.788676259317277,-44.8787070887413,-36.8173236940064,119.891690098563,0.884366162375975,9.70242496818668,-0.922854869852383,-9.92212780252725,-12.0238087313148,-29.9530789170773,-0.00598054086441145,9.8483301559055,-1.04876910218911,-8.57609476670582,-13.0181039507139,-0.0260603790643509,1.45705036992599,9.17159799839732,-2.22267125501042,1.93014092160679,-6.14675849376177,-25.3964818603722,0,0,0,805.061294766816,0.0470571879676465,0.022424976256449
64.755,-44.8208571906444,-77.496172634512,-85.621355742871,-86.9596379653451,51.9158743327938,30.4772303616189,3.39036927021823,8.12192216764559,9.41303953561231,-6.00467817719748,29.7076245642568,31.3997509519761,7.63935433146714,5.56632498136454,0.397303378168119,-16.9802824890677,23.7920148462927,53.0588939299084,-5.38642588965964,5.51281806680963,-0.407975087454476,-24.6620967187581,-15.6914240189805,107.001146744374,-1.97992641679258,6.35016438360404,-0.941137442749771,-47.257652083616,-40.4274240630265,115.038339948765,0.97620467076322,9.69867370364898,-0.907812603404832,-9.82671007747345,-10.8730061484814,-29.7524315601878,0.0758298145454356,9.84834255272862,-1.04040300740955,-8.63530447025432,-11.841355049033,-0.284073990822423,1.43315716581415,9.18711650140011,-2.21636709365849,1.03860989765715,-6.2578091199642,-27.0222516188334,0,0,0,803.193211837986,0.0475882054288954,0.0224576479728045
64.76,-45.1957275432114,-74.9740705132681,-84.2158328238806,-86.6797869895489,55.9701951591334,35.5443266417589,3.43102297150533,8.13074025740504,8.92336050835914,-5.8585348244986,29.2286705397199,31.0729858025506,7.71474767625319,5.42006855101515,0.491855747022409,-17.0638522112713,21.6114821463094,50.5312892039609,-5.36385540470599,5.36040196900456,-0.378084745943167,-22.5660021703212,-15.7811309738585,108.380093317901,-2.69240544306584,6.19597472800636,-1.07639759432641,-49.6495410328328,-44.166490520167,109.101299327263,1.0716534836718,9.69476517958527,-0.894432525190136,-9.72452508801878,-9.64557913668406,-29.5670622293006,0.156528213161741,9.84773991945698,-1.03227274159305,-8.68911416660516,-10.5878425971602,-0.600076985636762,1.40170442915854,9.20896777059796,-2.20865232636651,0.0392507969372405,-6.38494035846215,-28.6125572901642,0,0,0,801.991665430205,0.0481129387676218,0.0224874143265925
64.765,-45.5567891470809,-72.2123207739475,-82.5671628435242,-86.3811438645457,59.7286250006963,40.4290548853019,3.47215608664557,8.22662302805395,8.54737873387579,-5.71501056919236,28.7048510612745,30.7143531915146,7.78065837734284,5.26996656301397,0.583235238228369,-17.1457846695682,19.2274709449529,47.8247037288916,-5.34691117865257,5.18500914834687,-0.3435045377326,-20.2734030580279,-15.8962330157614,109.2736541463,-3.45529403792921,6.03045610533738,-1.19108050668802,-52.0202686495835,-47.9761125364683,102.093239955525,1.16992600762354,9.69066740850312,-0.88288622273575,-9.61647806262757,-8.34299991081553,-29.3986565646977,0.235544058830591,9.84642857277294,-1.02466850726983,-8.7378096803816,-9.25917785061736,-0.980368146526835,1.36208807546275,9.2372375841494,-2.20005412137766,-1.07779031690698,-6.53019883417548,-30.1465812647578,0,0,0,801.639933323458,0.0486296209674308,0.0225168047653144
64.77,-45.9028704490081,-69.2162603855199,-80.6732397548798,-86.0652933723227,63.1700984446616,45.1059185935289,3.51415684167129,8.40015100515315,8.28203420520742,-5.57435430450268,28.131252937961,30.3219136285722,7.83633229549924,5.11707238701019,0.670534621036336,-17.2258362308021,16.6602332742192,44.9327559226077,-5.33623742002131,4.9870935735326,-0.304297881797089,-17.804524527287,-16.0409940042281,109.655516421954,-4.26358623286117,5.85580203571476,-1.2820357318672,-54.3346580530286,-51.7921871581905,94.0485484809147,1.27011763309373,9.6864064676295,-0.873297717237636,-9.50339455543687,-6.96738309258254,-29.2485695742124,0.312286606202072,9.84437642254376,-1.01784068001538,-8.78158839484045,-7.85760227434442,-1.43148719015553,1.31384374343444,9.27190406047001,-2.19111932469222,-2.32126719823549,-6.69524080418179,-31.6031595991372,0,0,0,802.309458712135,0.0491416087870697,0.022548128363713
64.775,-46.2328339620541,-65.992702609066,-78.5336215360604,-85.7339142129112,66.2758318821572,49.5498476470732,3.55736201800866,8.64103526745596,8.12269655601994,-5.43684219946376,27.5024210077301,29.8931292726418,7.8812409367889,4.96262978822307,0.75288922565152,-17.3037802459216,13.9330541617529,41.850235405839,-5.33247568460232,4.76776209271324,-0.260622634752822,-15.1826357715914,-16.219115131843,109.503026911877,-5.11106848976939,5.67438526416092,-1.34641980787598,-56.5569009388719,-55.54627844124,85.0237059601197,1.37120366391347,9.68208128021231,-0.86573956671783,-9.38602065788619,-5.52167899056561,-29.1177662904008,0.386156991789959,9.84163003884419,-1.01198110921532,-8.82055371525999,-6.38618201394719,-1.96008664759604,1.25668440892474,9.31283767032738,-2.1823809845564,-3.69826049334036,-6.88125873021637,-32.961348661053,0,0,0,804.127640319362,0.0496563569060195,0.0225836061737397
64.78,-46.5455833677178,-62.5498811327873,-76.1495151102381,-85.3887655228787,69.0297380065774,53.7365587272963,3.60205347208929,8.93829081613515,8.0632771781061,-5.30278001638513,26.8124366157512,29.42484574706,7.91510338906887,4.8080686144537,0.829488677475813,-17.379432846663,11.0719088414764,38.5733191909449,-5.33624440197558,4.52880525532316,-0.212736159193653,-12.4336973873576,-16.433567050953,108.797812038302,-5.99029316191794,5.48872626651269,-1.38177514321231,-58.650959691339,-59.1672697439872,75.0971699913356,1.4720402669656,9.67787750548017,-0.86023023190568,-9.26503326639405,-4.00988875829918,-29.006756925099,0.456562761261872,9.83833084371045,-1.00720508526537,-8.85472046837001,-4.84902512455295,-2.57278004722866,1.19053584309352,9.35980507301601,-2.17432342215161,-5.21357494918497,-7.08891948189007,-34.2010535393353,0,0,0,807.15483328794,0.0501863260775401,0.0226223572438853
64.785,-46.8400703245521,-58.8973913669189,-73.5237482594026,-85.031671430184,71.4188185390067,57.6429394326882,3.64845550498616,9.28040657938088,8.09636228784389,-5.17250495116524,26.0550130440006,28.9132931116309,7.93790241310067,4.65499669700084,0.899587296063692,-17.4526760306282,8.10505901844624,35.0997809530867,-5.34811712595464,4.2727117889743,-0.160999660546622,-9.58594402817835,-16.6864402649897,107.526363836613,-6.89258968520083,5.30147485576163,-1.38610447741981,-60.5809364859065,-62.5832647029641,64.3687307773008,1.57136889494212,9.67407988550949,-0.856732717796472,-9.14106059785688,-2.43729420086736,-28.9155266381751,0.522934658991798,9.83472963867837,-1.00353470605199,-8.88403201673902,-3.25151417734065,-3.27596942751695,1.1155683701591,9.41247643129226,-2.16734746753628,-6.8691246574236,-7.31831478062706,-35.3037064838038,0,0,0,811.376621931053,0.0507492405427394,0.0226662832828479
64.79,-47.1153009731639,-55.0461297222599,-70.6607307533556,-84.6645038089441,73.433524247824,61.2474480641313,3.69673304103901,9.65550721055272,8.21336229842629,-5.04638692846839,25.2236045393226,28.3541066417144,7.94989400428105,4.50518794210691,0.962513073244395,-17.5234752846727,5.06259613307646,31.4291881185831,-5.36860047459686,4.00266493642557,-0.105881635140257,-6.66941087494312,-16.9788201715888,105.680575815758,-7.80812072418562,5.11540653775439,-1.35793843047798,-62.3114195332117,-65.7236732737743,52.9583248481889,1.66782453307679,9.67108239390995,-0.85515445577817,-9.01471272351747,-0.810693539975098,-28.8434603190386,0.584745321277471,9.83119866432909,-1.00088436423796,-8.9083892691334,-1.60054537222891,-4.07565636098109,1.03222340969261,9.47043556590279,-2.16173753889138,-8.66332711438744,-7.56892381010231,-36.2529815188728,0,0,0,816.713539856925,0.0513669632521745,0.0227171824958479
64.795,-47.3703421290094,-51.0082311691486,-67.5664068125191,-84.2891634499256,75.0680718037729,64.5305200548545,3.74699055179724,10.0515021516538,8.4046725570978,-4.92482930483518,24.3115247266625,27.7423673153163,7.95160988685631,4.36056661566614,1.0176752269376,-17.5918890728719,1.97594096974312,27.5630813570763,-5.39811279867647,3.72251925512746,-0.0479601650918798,-3.7154140953656,-17.3106921002971,103.25821325645,-8.72598899671474,4.93343340986461,-1.29639331523168,-63.8078202490666,-68.5214022755542,41.0043049023895,1.75994799824006,9.66939556188269,-0.855348348696074,-8.88662146269625,0.861366737274967,-28.7892630640988,0.641529394749481,9.8282404159067,-0.999049044289588,-8.92769110421503,0.0952359163449994,-4.97724178089804,0.941233390192988,9.53319208457167,-2.15763223602358,-10.5905294503448,-7.83958736561044,-37.0355294662405,0,0,0,823.043122268177,0.0520654774219957,0.0227757072225359
64.8,-47.6043271531282,-46.7970048237901,-64.2482008103123,-83.9075599106609,76.3207078530071,67.4749712729574,3.79927164114741,10.4562178700442,8.65984035137898,-4.80826895781889,23.3120694032799,27.0726610995125,7.94385255464461,4.22318784581286,1.06457039565948,-17.6580678240706,-1.12268986507148,23.5051310177676,-5.43696463640021,3.43675696562192,0.0120763165568858,-0.755996849163978,-17.6808803785095,100.26330342634,-9.63439824183549,4.75862728015532,-1.20121620789254,-65.0367168581612,-70.9150567841247,28.6611809216477,1.84620238620862,9.66965041653566,-0.85711487034237,-8.75748855354402,2.56837468498243,-28.7508773162614,0.692904492073946,9.82649250763472,-0.997696062167658,-8.94188502354119,1.82521409836159,-5.98532091099683,0.843633798866738,9.60019448132172,-2.15500004219896,-12.6404922596289,-8.12849252804456,-37.6417158267828,0,0,0,830.224324579772,0.0528779330664317,0.0228432937709382
64.805,-47.8164614867297,-42.4268667202217,-60.7149578101524,-83.5215903514408,77.1939118438681,70.0663879633754,3.85355919012203,10.8575097949038,8.96773307300161,-4.69717576754307,22.2186380551211,26.3391552820075,7.92768263918373,4.09521439566986,1.10278758435775,-17.7222405999072,-4.20083913659093,19.2612651261552,-5.48534197526984,3.15042350506662,0.0734302601185744,2.17664653766055,-18.0870239680349,96.7064325476745,-10.5208688389667,4.5942505039413,-1.07281433884031,-65.9662195495138,-72.8510506496444,16.0968658135599,1.92499362910705,9.6725985458925,-0.860205099745887,-8.62814061234144,4.29766162973753,-28.7253979182977,0.738592304156007,9.82672798118558,-0.996360807602946,-8.95102614662978,3.5766082827005,-7.10348043231499,0.740766371888325,9.67084315924141,-2.15362158495562,-14.7979578152787,-8.43316664258384,-38.0663422781964,0,0,0,838.111211694906,0.0538384532329226,0.0229173984739184
64.81,-48.0060278283668,-37.9132683274652,-56.9768801369144,-83.1331176987091,77.6945305464178,72.2934929476124,3.90977594658284,11.243351292171,9.31670255394834,-4.59205152756824,21.0248479949855,25.5356892419516,7.90439857624779,3.97888979886018,1.13201199705046,-17.7846883870641,-7.22637372427157,14.8397637705605,-5.54329324924697,2.86904258913509,0.135198763386346,5.05075488378489,-18.5255896297311,92.6049380937935,-11.3725050712792,4.44378802749719,-0.912266236098789,-66.5663698904197,-74.2855222893071,3.48947751811613,1.99469500019078,9.67910789947685,-0.864324577477657,-8.49958901836047,6.03424829674457,-28.7089866245919,0.778439123308153,9.8298505866645,-0.994446961798203,-8.95534199421543,5.33431476428961,-8.3341056148937,0.634272703318745,9.74450239702619,-2.1530797037221,-17.0423298316106,-8.75047937963089,-38.3093309812411,0,0,0,846.550020078686,0.0549840089480165,0.0229895149917461
64.815,-48.172390922592,-33.2726188450668,-53.0454607185524,-82.7439485044596,77.8338388499802,74.1484778759348,3.96778543655289,11.6018979940207,9.69474085962851,-4.49342835325623,19.7246348624198,24.6558762328568,7.87550875703632,3.87650800827844,1.15202789724459,-17.8457038907187,-10.1680464091576,10.251315066678,-5.61072085293783,2.59851179263389,0.196380412816123,7.83557924276671,-18.9919219808443,87.9829870838155,-12.1763071815036,4.31097255561069,-0.7213127524843,-66.8095831047049,-75.1859562844837,-8.97623221580721,2.05367529392515,9.69015404263164,-0.869137890091444,-8.37309252516657,7.76073968986128,-28.6967879127969,0.812435002216091,9.83688472702434,-0.991231559624475,-8.95529991095224,7.08079854036851,-9.67820544832301,0.526077831352415,9.8205104739079,-2.15275831585011,-19.3474911154957,-9.07665188890133,-38.3763495313941,0,0,0,855.363109423626,0.056338736145753,0.0230524730401944
64.82,-48.3150019170716,-28.5221988959368,-48.9334134210708,-82.3558108881841,77.6275232551621,75.6272918284004,4.02739307098783,11.9215268869992,10.0896232435122,-4.40186668639658,18.3123333719468,23.6932120022921,7.84269658583396,3.79037978407437,1.16272062460876,-17.9055387466061,-12.9960421173213,5.50902839887567,-5.68737775643856,2.3449804010217,0.255885716396302,10.5019430751518,-19.480328294244,82.871533450912,-12.9195175026635,4.19979387178027,-0.502327116609919,-66.6711365171462,-75.5324223047494,-21.1127354517017,2.10033031622198,9.7068067074276,-0.874273916780239,-8.25022010628194,9.45727968888988,-28.6828482348378,0.840730776172542,9.8489599475319,-0.985875147171662,-8.95167348848225,8.79604485590773,-11.1352637919498,0.418363630617985,9.89818749385908,-2.15185077137603,-21.6817832273572,-9.40727255351803,-38.2793533403156,0,0,0,864.339882456288,0.0579187388306242,0.0230974360773377
64.825,-48.433402231945,-23.680062974648,-44.6546000651974,-81.9703329560642,77.0955864238277,76.7298773768135,4.0883473245288,12.1908507081707,10.4890345348233,-4.31795302304403,16.7827326704764,22.6411854440921,7.80777911577754,3.722796135406,1.1640778665759,-17.9643401495453,-15.6824962527817,0.628401300907109,-5.77286955981142,2.11471203134141,0.312551564886185,13.0227701832638,-19.9841945380732,77.3081502303997,-13.5899864238149,4.1144833464955,-0.25826439209825,-66.1297015159535,-75.318360100807,-32.7337711372761,2.13311723858462,9.73021162439794,-0.879331707702936,-8.13291129999997,11.1015756710032,-28.6600411441655,0.86365220263011,9.86729006970594,-0.977437154440423,-8.94560399567977,10.4575810552757,-12.7031242044985,0.313532089380232,9.97684089815499,-2.14937805100608,-24.0081685134327,-9.73731961684625,-38.0370215887353,0,0,0,873.251783933752,0.0597193781490879,0.0231211890776093
64.83,-48.5272268717677,-18.7649279645413,-40.2239532872417,-81.5890220900149,76.2621732099359,77.4603463276538,4.15034087135984,12.3987093662202,10.8806759388124,-4.2422975155054,15.1311015077415,21.4933860157768,7.77266018701716,3.6759892268891,1.15619024370334,-18.0220799475892,-18.2019732955093,-4.37276284794134,-5.86666204531968,1.91393523433375,0.365160037077063,15.3735678343337,-20.4961280506231,71.336735190516,-14.1765411538572,4.05946570815761,0.0074079136970423,-65.1679103298194,-74.5508618588862,-43.658462450373,2.15059129140889,9.76156777572563,-0.883886994620711,-8.02353113036432,12.6690025391361,-28.6200010338466,0.881710513856462,9.89314730733406,-0.964896457214837,-8.93865262900116,12.0405780274406,-14.3779153879449,0.214158768849228,10.0557691940533,-2.14421680108931,-26.2845894980129,-10.0611919878092,-37.6750627775512,0,0,0,881.898967458635,0.0617253172374028,0.023128907956032
64.835,-48.5962070977741,-13.7960452013002,-35.6573939250057,-81.2132454867503,75.1553206529935,77.8270887355629,4.21301157760332,12.5341412487071,11.2523500632629,-4.17553161737822,13.3531796254469,20.2436024019633,7.73927922690712,3.65209125953123,1.13925122888839,-18.0784801963928,-20.5318947033239,-9.47448818038592,-5.968093985101,1.74868592826053,0.412461699014693,17.5328535927063,-21.0081214474042,65.0070915377503,-14.6693385242331,4.03927226071632,0.290795041599917,-63.7729431951642,-73.2504297042794,-53.7153915958236,2.15144418211478,9.80210037633178,-0.887499344795661,-7.92491654975388,14.1327942816425,-28.5530685066013,0.895608731579736,9.92783194825321,-0.947176947600329,-8.93283937162066,13.5180392160773,-16.1540231068998,0.122936918251418,10.1342650037922,-2.13513683120884,-28.4645336605736,-10.3727508390066,-37.2263664416476,0,0,0,890.171364952764,0.0639144775114335,0.0231329478809865
64.84,-48.6401723675298,-8.79305395111919,-30.971741208613,-80.8442123044735,73.8066364552049,77.8428103692782,4.27594326941214,12.5863383617396,11.5920229241499,-4.11830595094375,11.4451332868719,18.8859069039296,7.70955707025436,3.65309193383622,1.11355638857801,-18.1329399192813,-22.6529063172759,-14.6548115336941,-6.07639466254326,1.62464604192366,0.453203335130072,19.4825157886247,-21.5117318852032,58.3743883851448,-15.0601826943334,4.05841282031505,0.58767184582869,-61.9371163995385,-71.4502147866909,-62.7465145434404,2.1345435110141,9.85303005723202,-0.889719949452061,-7.84041126613523,15.4643294611553,-28.4482506378518,0.906243159362124,9.97263842525184,-0.923177775702942,-8.93066438590809,14.861083398858,-18.0241130802126,0.0426128543960773,10.2116190820605,-2.12084733630282,-30.4978032225036,-10.6653762287844,-36.7309789083851,0,0,0,898.087172657982,0.0662698377239002,0.0231495933888697
64.845,-48.6590514412169,-3.77581473741688,-26.1846137493847,-80.4829577427294,72.2509123488866,77.5244955802846,4.33866622046042,12.5445902096678,11.887862700491,-4.07128857815396,9.40347455796736,17.4147203150453,7.68534030542633,3.68079519832406,1.07950191126401,-18.1844682860468,-24.5491768811766,-19.8900190491032,-6.19070544915368,1.54698220783554,0.486159791163628,21.2080992115381,-21.9982696443001,51.4985086857572,-15.3427901331291,4.12120662909629,0.893586408875199,-59.6584474214231,-69.1947731405733,-70.6108024121022,2.09897231928388,9.91553888654144,-0.890099984863917,-7.77388577647501,16.633514681524,-28.2931995318979,0.914699551274272,10.0288188160984,-0.89180776614869,-8.93510814025304,16.0393250746773,-19.9792077734887,-0.0240866767729344,10.2871273744816,-2.10005074258617,-32.3314800554657,-10.9320449288494,-36.2358832187679,0,0,0,905.775843134856,0.0687832030730833,0.0231938928700322
64.85,-48.6528725495522,1.23577833294034,-21.3143191744427,-80.1303293404117,70.5256804636081,76.8932944146084,4.40065733096778,12.3982221014816,12.1282560698136,-4.03516384980535,7.22494566972784,15.8248526113934,7.66834574478757,3.73677607908809,1.03758237233825,-18.2316295372983,-26.2086208909902,-25.154932438534,-6.31010607330873,1.52018038292613,0.510169283960717,22.6990094669248,-22.4589900953397,44.443295214159,-15.5129902865567,4.23156919802086,1.203964186599,-56.9411701028029,-66.5384003216128,-77.1875049030978,2.04406775240979,9.99073401026117,-0.888199407348707,-7.72973942726758,17.6092670187316,-28.0742125601502,0.922243554167354,10.0975449942283,-0.852023353584602,-8.94960687312134,17.0213532481629,-22.0088183401961,-0.0745343230087215,10.3601034078299,-2.07150271364224,-33.9110656988182,-11.1654378577141,-35.7945666448741,0,0,0,913.394202574277,0.0714621012490195,0.0232784209967853
64.855,-48.6217625182081,6.22200626880206,-16.3797302682814,-79.7869757292214,68.6707222379263,75.9743347596617,4.46134000147703,12.1365341018263,12.3018040214458,-4.01063199275842,4.90637140937615,14.1115156322339,7.66010665724381,3.82233847366144,0.98838766792621,-18.2725047056175,-27.6230407405172,-30.4232417960053,-6.43363954882311,1.54791001656762,0.524171409492413,23.9486314237045,-22.8852834460598,37.2757078402472,-15.5688386215276,4.39279069511926,1.51421182923034,-53.7961706362896,-63.5431297509711,-82.3789436713327,1.96945768234687,10.0796098211275,-0.883595963283017,-7.71288138007129,18.3600926546679,-27.7762574838664,0.930305134480229,10.1798707885634,-0.802869220952635,-8.97800052331827,17.775305700507,-24.1011312378374,-0.106288135833282,10.4298982393306,-2.03407649842835,-35.1817663818677,-11.3580877766848,-35.4663637957786,0,0,0,921.007520178647,0.0743214179205416,0.0234055307809431
64.86,-48.5659447480595,11.1635540297373,-11.4001456628786,-79.4533380265902,66.7275405262966,74.7964622661758,4.5200837368724,11.7487470790851,12.3973000695241,-3.99840957309496,2.44448393269545,12.2703050077295,7.66192239038228,3.93847487455111,0.93259903447353,-18.3046745219064,-28.7881849894861,-35.6678804155073,-6.56033270952414,1.63292765706509,0.527246635262956,24.9543592624078,-23.2688571687403,30.0649077026793,-15.5106341040087,4.60732382471918,1.819818219978,-50.241314277571,-60.2764971116976,-86.1127589300668,1.8750940255349,10.1830096674032,-0.875894123942797,-7.72868750763401,18.8547546718208,-27.3830253066961,0.940456825098466,10.2766955982485,-0.743520659151172,-9.02445091779811,18.2695316353386,-26.2432473384062,-0.117182527778195,10.4959297995801,-1.98682946967588,-36.0898836338689,-11.5025798016005,-35.3155692320205,0,0,0,928.488164941231,0.0773825742505243,0.0235733922131809
64.865,-48.4857359600031,16.0417576112767,-6.3951334639954,-79.1296439949474,64.7388063286221,73.3919126635692,4.57620354799571,11.2239622246732,12.4036947221235,-3.99923094489578,-0.164274360165145,10.2971498550499,7.67481295866048,4.08582906256341,0.870984056777374,-18.3252268758633,-29.7037215184861,-40.8614356755141,-6.68922323054602,1.7769567887665,0.518655775858546,25.7175377767613,-23.6019066393906,22.8812858819965,-15.3408683812762,4.87653462465724,2.11644117234553,-46.3016333393893,-56.8091838229545,-88.3435500627983,1.76128144350631,10.3015881931375,-0.864733603236414,-7.78293052931167,19.0630183991026,-26.8770132061628,0.954385761632106,10.3887309422849,-0.673326498572228,-9.09332882621428,18.4733311331822,-28.4214697007245,-0.105422592578017,10.5577227256631,-1.92906940799938,-36.584263355754,-11.5918183244235,-35.4103208583041,0,0,0,935.486162256938,0.0806565246976154,0.0237764995586431
64.87,-48.3815416277941,20.8388664417607,-1.38435670541927,-78.8159050350295,62.747791983467,71.795922831461,4.62895924812906,10.551140026649,12.3100508582575,-4.01385076081923,-2.92396318468405,8.18823014266472,7.69948008952066,4.26466287210444,0.804390554099416,-18.3307908780413,-30.3731263226333,-45.9765887150123,-6.81938852348014,1.98057437037119,0.497877887578254,26.2433167484738,-23.8772702169561,15.7954557342605,-15.0641005445898,5.20045716749269,2.39998156498158,-42.0093495418213,-53.2126559027827,-89.0538698631186,1.62870013421056,10.4357754548089,-0.849797099144413,-7.88168116217132,18.9564581677735,-26.2396393088553,0.97385962257201,10.5164714024075,-0.591851301704889,-9.18906948594788,18.3577554581034,-30.621634605695,-0.0696797519147027,10.6149587213266,-1.86041786834894,-36.6177509953035,-11.6193736126703,-35.821264074469,0,0,0,941.488087891585,0.0841487758029069,0.0240075749339042
64.875,-48.2538500424584,25.5383170671768,3.61261982804333,-78.5119160215308,60.797802699794,70.0462885412489,4.67755476813518,9.7191040012333,12.1054952757348,-4.04304758263789,-5.8393643637382,5.93986305009423,7.73627609485111,4.47482816867487,0.733739226148784,-18.3175980231976,-30.8034907033571,-50.9865744121105,-6.94996543925399,2.24316104260206,0.464644641005607,26.5404223718637,-24.088565698875,8.87722912349737,-14.6867469205681,5.57761879820515,2.66665292070598,-37.4037085311728,-49.5569103378286,-88.2545516125266,1.47842151842181,10.5857439852148,-0.830816917540649,-8.03117876201687,18.5093052026867,-25.4513904599823,1.00068674564028,10.660171337989,-0.498915355333594,-9.31599739025184,17.8964482911204,-32.8294789987189,-0.00918614721251045,10.6675361722012,-1.7808678668472,-36.1485985063181,-11.5799191792854,-36.6200165036747,0,0,0,945.944269972168,0.0878484218736604,0.0242589808993268
64.88,-48.103224977326,30.1250130265008,8.57654109185386,-78.2172579315449,58.9316179972282,68.182878087944,4.72113763596529,8.71657356602864,11.779172063327,-4.08762858795867,-8.91620106416256,3.5483610677015,7.78518175051443,4.7157451757272,0.660014938320866,-18.2815692800675,-31.005251615723,-55.8656521311757,-7.08016519480998,2.5628859286289,0.418969347625256,26.6208518143868,-24.2303057650255,2.19459734376847,-14.2168143502956,6.00492254540574,2.91304398892558,-32.5306114002045,-45.9084298533984,-85.9843677880565,1.31191577988426,10.7513799719514,-0.807580187663117,-8.23767089276417,17.6993129422911,-24.4920035387073,1.03667085878703,10.8198286105853,-0.3946308677864,-9.47812252361554,17.0665047143591,-35.0310361743264,0.0761753937645164,10.7156362998343,-1.69083321294934,-35.1417705671465,-11.4697665612462,-37.8774636208496,0,0,0,948.414664425195,0.0917311094407023,0.0245227429071315
64.885,-47.9302969533601,34.585604793115,13.4886903894487,-77.9313031617142,57.1909539660229,66.2471120518873,4.75879878256013,7.53222931895508,11.3202035951063,-4.14843532421101,-12.1613472504447,1.00986594052561,7.84579410351537,4.98638822932966,0.584256527539961,-18.2184252525863,-30.991851886169,-60.5895768555305,-7.20928577112886,2.93671390260262,0.361168875424995,26.4994990195454,-24.2979906439009,-4.18726247808917,-13.6636006451722,6.47758689741127,3.1361742049472,-27.442036952422,-42.3284296194677,-82.3090378462826,1.13105040427777,10.9322596846033,-0.779932456297365,-8.5072225131973,16.5086135012298,-23.3406803017009,1.08356102881282,10.9951763537974,-0.279432668730617,-9.67891181394411,15.8493223795016,-37.2130504419767,0.18578954045204,10.7597917050541,-1.59118713444007,-33.5701030542988,-11.2874970929804,-39.6619260746958,0,0,0,948.678899413357,0.0957661235950158,0.024792203817583
64.89,-47.7357531399458,38.9087626828952,18.3311329388229,-77.6532233805704,55.6159562288252,64.2814201303042,4.7895728460559,6.15481269915828,10.7176648305083,-4.22635041375308,-15.5830179084276,-1.67983617689014,7.9173247866541,5.28527991974652,0.507545020906681,-18.1238150004238,-30.7793388924437,-65.1360596786175,-7.33671999416955,3.36044522359974,0.291876716859257,26.1937217390439,-24.2881767970531,-10.2069352665562,-13.0373781042231,6.98916090817181,3.33354497382422,-22.1952584965402,-38.8714572631484,-77.3196193784519,0.938079061954553,11.1276322194211,-0.747779541964843,-8.84549700558172,14.9245372619607,-21.9763351885589,1.14299758396669,11.1856835624787,-0.154101634468172,-9.92104132352613,14.2314177536297,-39.3634007092286,0.318238946858121,10.8009518823208,-1.48328838059387,-31.4152754741742,-11.0346805244707,-42.0372490862432,0,0,0,946.775687425943,0.0999181079923248,0.0250560400677484
64.895,-47.5203259663406,43.0854347210692,23.0869712292924,-77.381999719955,54.2447321231104,62.3286863361155,4.81243914896488,4.57326058180144,9.96057622979447,-4.32230506622236,-19.1909304938739,-4.52551185640457,7.99860902908496,5.6104944040368,0.430990191445359,-17.9934577895902,-30.3859120412977,-69.4852061922666,-7.46195934986768,3.82878734768086,0.212045779454267,25.7228614608192,-24.1985209204537,-15.8076510322319,-12.3490790871414,7.53161999055118,3.50318777385563,-16.8518692866026,-35.5843823198216,-71.1303314348254,0.735620387436165,11.3364095279365,-0.711087630595439,-9.25751305965697,12.94036666328,-20.377874974568,1.21645490861717,11.3905649581971,-0.0197790400696269,-10.2061365733841,12.2051795898925,-41.4715224683473,0.471251404567995,10.8405393266886,-1.36899365572238,-28.6685701282296,-10.7166582248627,-45.0608721762165,0,0,0,942.958213884614,0.104158110965777,0.0252987619806309
64.9,-47.2847805631284,47.1090806423674,27.7406079643036,-77.1164350751936,53.1129289521825,60.4316938612961,4.82632351808208,2.77687382343391,9.03791997037581,-4.43728720795178,-22.99642834584,-7.53268236200575,8.08812513948517,5.95967045157269,0.355715441645276,-17.8232910551683,-29.8314309266244,-73.61992110004,-7.58459384802732,4.33545748029664,0.122939841968568,25.1077293141761,-24.0277990009253,-20.9380855080286,-11.6100005058463,8.09554288373437,3.64370885196734,-11.4766405967025,-32.5057849823755,-63.8758708978444,0.526626431733957,11.5571645519195,-0.669881684337389,-9.74738339777099,10.5559951613701,-18.5245085892285,1.30518214579591,11.6088002229704,0.122029912335858,-10.5345103170004,9.7695318234507,-43.5288175876097,0.641667925297509,10.8804893332721,-1.25065590083266,-25.3314033389724,-10.343355040575,-48.7819429398619,17.4792916042388,0.193202862578514,-0.036190907063399,937.584747177831,0.108469614670577,0.0255002587857556
64.905,-47.0299012005464,50.9758725164312,32.2780113535493,-76.8551682589909,52.2533632405916,58.6325805397102,4.83010110392235,0.755517168055219,7.93868329228287,-4.57234999531794,-27.0125574732561,-10.7078222302203,8.1840238293238,6.33003451725689,0.282841108825254,-17.6096172544412,-29.1368973309117,-77.5262674192884,-7.70430842431338,4.87331343124898,0.0261130827559962,24.3700721191054,-23.7759005378088,-25.5530628506871,-10.8315405099283,8.67036550231438,3.754328870233,-6.13624519022377,-29.6657288179843,-55.7082926719594,0.314340806851517,11.7881381015079,-0.624242307885918,-10.3180433744398,7.77846316288381,-16.3960848134535,1.41014298173685,11.8391622939951,0.269465000914161,-10.9049089521643,6.93047901956905,-45.5290415551676,0.825435547404495,10.9232666158544,-1.1311084812792,-21.4156271778347,-9.93006990014703,-53.239541210559,32.1057413994626,0.191414221797941,-0.0366086469440434,930.979818786907,0.112852863084118,0.0256415754742862
64.91,-46.7564769403894,54.6848520314455,36.6869765167444,-76.5966897395067,51.6957038968955,56.9723151275969,4.82260033545694,-1.50015369308315,6.65193173552223,-4.72862044105092,-31.2540891466247,-14.0585457432313,8.28416635764223,6.71843382639886,0.213466416959723,-17.3492421024037,-28.3239251797338,-81.1937689419442,-7.82087647671966,5.43450940936905,-0.0766223747517649,23.5320334498986,-23.4437983519,-29.6141472403233,-10.0249761240601,9.24470278657618,3.8349144751374,-0.897885967824801,-27.0858799478797,-46.7935324389948,0.102246809743873,12.0272548907552,-0.574301271998101,-10.9709794686679,4.62234457455003,-13.9734549059834,1.53195582776714,12.0802539974888,0.420333689282681,-11.3142804603354,3.70150938835246,-47.4686583315177,1.01762779464111,10.9718525257774,-1.01363566401504,-16.9436127726764,-9.49818252056541,-58.4610795470957,50.4070581880956,0.18964577460494,-0.0366050874345198,923.312347290692,0.117322032406972,0.0257068859051461
64.915,-46.4652867689252,58.2380342927419,40.9573758255651,-76.3393586889417,51.4662101128892,55.4902035717095,4.80260811710784,-3.99844366981261,5.1669137900111,-4.90730785124043,-35.7374820378336,-17.5937723461427,8.38617014467206,7.12137911054984,0.148650435935113,-17.039596929726,-27.4142131153205,-84.615645224113,-7.9341511656719,6.01067257984047,-0.183240367244074,22.6156248604653,-23.0334946827942,-33.090112859547,-9.20128568089346,9.80672551755697,3.88599766097017,4.17212573667767,-24.7799175900169,-37.3076570498477,-0.105993890700218,12.2721488867724,-0.520235939096953,-11.7059694555914,1.10996055441486,-11.2388564749135,1.67083586038079,12.3305518848688,0.57214861789887,-11.7575781483475,0.10383328442123,-49.3471536380234,1.21249447618582,11.0296979620215,-0.901929804479465,-11.9481372910724,-9.07570374378939,-64.4609426030836,72.2305747227232,0.187828998175411,-0.0362349072897903,914.530730625972,0.121899746460425,0.0256926534581998
64.92,-46.1570845282165,61.6404481418008,45.0813901780051,-76.0814210749175,51.587522804887,54.2234330938221,4.76887633913077,-6.74635559541992,3.47319710019305,-5.10971174696016,-40.4807791439833,-21.3238621343789,8.48746025672162,7.53509627694056,0.0893925309929239,-16.67883858552,-26.4290344745883,-87.7889692995974,-8.04405507658747,6.59309553800802,-0.291554908520708,21.6422222388312,-22.5479445649964,-35.9572845823025,-8.37101514622446,10.3445755199195,3.90877823542697,9.0097957465257,-22.7541689507076,-27.4329325564599,-0.306611092255525,12.5201978342382,-0.46226288074835,-12.5208474346849,-2.72859887920747,-8.1763140911948,1.82654053800457,12.5884557315512,0.722180358698106,-12.2276153813801,-3.833560957396,-51.1672982326874,1.40354097488732,11.1006389957054,-0.800035367585009,-6.47210503305765,-8.69759180798546,-71.2394218885976,97.7577730240402,0.185997661947093,-0.0354613598791396,904.379544900648,0.126603315900344,0.0256113600415198
64.925,-45.8325840103813,64.9001035670914,49.0537125142455,-75.821028542047,52.0785065741554,53.2066603391379,4.72012973086331,-9.74932165350067,1.56083490000849,-5.33722892854343,-45.5034363166938,-25.2607129170463,8.58532504041674,7.95558595348729,0.0366128788367413,-16.2659213992061,-25.3887591041589,-90.7147396059932,-8.15056876888688,7.1729393563822,-0.399282991248274,20.6321016011183,-21.9909578174397,-38.1997446674471,-7.54418336915167,10.8467999132794,3.90510484764693,13.5548307147594,-21.0083958158264,-17.3538037223888,-0.495803151433295,12.7685664859881,-0.400631024113829,-13.411307743412,-6.85565952649188,-4.772051222041,1.99832039619971,12.8523417790844,0.867525256842231,-12.7149867743769,-8.07404706356864,-52.9353534001836,1.58363544689676,11.188774695696,-0.712279309754615,-0.568137934101547,-8.40575780378989,-78.7819942134946,127.546820365609,0.184263545025977,-0.0342554043945258,892.497215018002,0.131435568972173,0.0254870196683674
64.93,-45.4924446211351,68.0278778491022,52.8717143945932,-75.5562578537913,52.9541376510423,52.4716480836592,4.65507504040937,-13.0109380907645,-0.579440143131818,-5.59135933267337,-50.8260808258902,-29.4178110331578,8.67697418502466,8.37868954921381,-0.00886631541871399,-15.8006371637565,-24.3124205966683,-93.3978593187713,-8.25371863883619,7.74144154385552,-0.504113712184773,19.6040274932651,-21.367081414599,-39.8094037525294,-6.73021830675071,11.3027832631384,3.87743096899323,17.7519370585843,-19.5366608760305,-7.25288171120312,-0.669819677752507,13.0142577119483,-0.33561470478522,-14.3707619429395,-11.2263618447866,-1.01490702331819,2.18487712987619,13.1206174634202,1.00518740154369,-13.2080707863703,-12.5737040907913,-54.6612114405934,1.74514061870712,11.2983095047549,-0.643186567082195,5.70192827379971,-8.24869189036271,-87.0589823035789,162.316832475344,0.182779953247998,-0.0326533210583424,878.564242347324,0.13637757655972,0.0253486114093615
64.935,-45.1372580524549,71.037313736101,56.5355662244449,-75.2851306928031,54.225432197678,52.0469531546708,4.57241147606169,-16.5327128695507,-2.95599896016564,-5.87371033254179,-56.4701999737352,-33.8102290298485,8.75959759571305,8.80016021893923,-0.0463382455871173,-15.2836208249745,-23.2173411812161,-95.8470184390461,-8.35356442068579,8.2901231110026,-0.603781009892579,18.5749055487168,-20.6814645457714,-40.7859374101977,-5.93791460111721,11.7031558092838,3.82874385847277,21.5519971748603,-18.3282082844279,2.69296172279055,-0.825047810739385,13.2541702931972,-0.267507020415908,-15.3902623909684,-15.7892746096504,3.10324964028557,2.38433117776249,13.3917751028678,1.13217289092639,-13.6931271860707,-17.2818636397372,-56.3584643491034,1.88006532350739,11.4333656131249,-0.597378634356367,12.2676091126073,-8.28065812678163,-96.0256252360494,202.568178036387,0.181674903803214,-0.0307736909159848,862.451373930012,0.14138399483798,0.0252145653668183
64.94,-44.7675364260797,73.9443252751106,60.0483017914979,-75.0056336488913,55.89940878242,51.9576663833151,4.47084229623938,-20.3138359644798,-5.57608163420767,-6.18599913928357,-62.457761348414,-38.4545644641714,8.83042364036448,9.21573692708133,-0.0752269363648919,-14.7163214589047,-22.1188246585105,-98.0744765739994,-8.4501865480318,8.81098895484615,-0.696136966956176,17.5595086759195,-19.9397093108966,-41.1365924025248,-5.17540258492531,12.0401565595321,3.76246672448837,24.9130911893218,-17.3683041308352,12.3162955068342,-0.958099738088592,13.4851618614323,-0.196613862939727,-16.4585043184038,-20.4872161700784,7.58711786841005,2.5942011883196,13.6644418477914,1.24559363147291,-14.1545003077593,-22.1418545964018,-58.0443941437462,1.98022978488386,11.5977739129922,-0.579452742816211,19.0503715322309,-8.56042976170155,-105.622574759738,248.225384962523,0.181001596254457,-0.0287814984263948,844.303561031756,0.146378810259757,0.0250840329317743
64.945,-44.3837023764343,76.7668099291599,63.4158182439272,-74.7157382547211,57.9790788340931,52.2252036796259,4.34908738817515,-24.3509816128692,-8.44555231281789,-6.53005297860214,-68.8107678637751,-43.3688154175276,8.88677555763214,9.62121967288234,-0.0951000884761374,-14.1009400813118,-21.0299254772019,-100.095747346961,-8.54367349954537,9.29671595851323,-0.779222422942316,16.570283866032,-19.1477107267968,-40.8758694934074,-4.45011976582891,12.3079319884772,3.68233676856717,27.8013396431973,-16.6389969788932,21.4625309971301,-1.06589886579007,13.7041151446885,-0.123248950213728,-17.5619157597123,-25.2582678663544,12.4375843695499,2.81139782093637,13.9374231486971,1.3427770013264,-14.5749353287348,-27.0919317154339,-59.7398784725298,2.03743812482982,11.7948550705085,-0.593839219799519,25.9642536272284,-9.14956735652243,-115.776821236388,298.474874300552,0.180727770217993,-0.0268403869654188,824.51572825572,0.151266421886402,0.0249324303815337
64.95,-43.9860815302678,79.5241692331471,66.6468035505512,-74.4134209576475,60.4634594146031,52.867145798153,4.20589663331393,-28.6381509721869,-11.5686512678965,-6.90780673986781,-75.5507522529896,-48.5721897695503,8.92612504805565,10.0125438722303,-0.105678823210335,-13.4403377453752,-19.961299369972,-101.929188686061,-8.63410915714801,9.7408235485675,-0.851331588807938,15.6172437867254,-18.3114904898625,-40.0250922027154,-3.76877785930455,12.502754319709,3.59226427701076,30.1915500552735,-16.119774686713,29.9929356580568,-1.14576189823524,13.9080054509446,-0.0477300807851229,-18.6848411788994,-30.0369561011625,17.6513766828401,3.03223428091572,14.2097371001345,1.42137687617132,-14.9360099840013,-32.0663673782673,-61.469205320662,2.04365177309515,12.0272047669679,-0.644635478296733,32.9165014757784,-10.1102771275904,-126.403039510533,351.869456962853,0.180768996057461,-0.0250702242836702,803.596558365706,0.155934530695267,0.0247222902206845
64.955,-43.5748978082558,82.236744402473,69.7525849002784,-74.0966829392445,63.3476036806464,53.8971231366483,4.04006382161195,-33.1665623404278,-14.9477525479347,-7.32129782598341,-82.6982172231951,-54.0848468257851,8.94614227975858,10.3858518917013,-0.106843915008733,-12.7379191398863,-18.9211380069555,-103.595506716238,-8.72156010879067,10.1378219627903,-0.911067450166788,14.7079442557522,-17.4370297125743,-38.6118731547503,-3.13732116586235,12.6231477318788,3.49618012431799,32.0676576471376,-15.7881097132423,37.7871801923411,-1.19547404563068,14.0939671811665,0.0296232923782836,-19.8098202885384,-34.7555720697441,23.2207627484922,3.25245576550117,14.4806372762839,1.47948083529479,-15.2186782926686,-36.996679589383,-63.2597910035993,1.99115842318808,12.2964989478154,-0.735416890711276,39.8082353529064,-11.5029235164735,-137.405329927511,406.637811329783,0.181025310103315,-0.02354364211988,781.974479825003,0.160271266110099,0.024419298319641
64.96,-43.15027191946,84.9251777592277,72.7468934531272,-73.7635697103643,66.6226457761051,55.3247410529535,3.8504408496416,-37.9245943941026,-18.583135976136,-7.77265797114116,-90.2720290316316,-59.9275714978559,8.94474170748341,10.7375597991828,-0.0986382237917002,-11.9974984141811,-17.9151870105757,-105.117184427201,-8.80606273507485,10.4833341411104,-0.95738499331963,13.8475454825555,-16.5301065730327,-36.6694916360614,-2.56087511524237,12.6699160552304,3.39788070418127,33.4229571786123,-15.6198994389769,44.7453541383621,-1.21335466205709,14.2593571251421,0.108491212704209,-20.9179585672072,-39.3455917329683,29.1333104423651,3.46728957903864,14.7496220934708,1.51570790044728,-15.4039162102234,-41.8129641153247,-65.1417963697828,1.87273284508159,12.6033356674693,-0.869027570017847,46.5351723437834,-13.3833048078136,-148.679312480133,461.059904159517,0.181399980543896,-0.0222968562959425,759.82205555429,0.164182120279242,0.0240054453266874
64.965,-42.7122233426578,87.6097153602669,75.6455433516867,-73.4121904179124,70.2758584902489,57.1555407407738,3.63595192010338,-42.8977859075623,-22.4727821751394,-8.26410184060486,-98.2887738925487,-66.1213828731428,8.92012322653818,11.0644175327866,-0.0812651764143801,-11.2231551622298,-16.9468435651186,-106.517849507483,-8.88760983743448,10.7741879383183,-0.989619686466886,13.0389517602194,-15.5961454387297,-34.2361975840375,-2.04368671128559,12.6460712591631,3.30088020136588,34.2601284566825,-15.5898194461314,50.7894013987439,-1.19831083525918,14.4018123632023,0.188553268024083,-21.9893806102166,-43.7391536935033,35.3717210326432,3.6715170308928,15.0164293065786,1.52929097077205,-15.4734519522848,-46.4452949546653,-67.1476374485389,1.68178803844884,12.9471295366509,-1.0473576603515,52.988445650233,-15.7998299752976,-160.114512569395,513.761705605663,0.181811241683604,-0.0213497294310345,736.965474212106,0.167608825861587,0.0234958281076691
64.97,-42.2606759904671,90.3094704382224,78.4660259010558,-73.0407367997023,74.2907236420813,59.3909906852712,3.39560745381452,-48.0688932578153,-26.6121988299057,-8.79791228219818,-106.762088318761,-72.6870806709655,8.87080826471022,11.3635608968148,-0.0550832814173235,-10.4190893399027,-16.0173269118737,-107.821598531705,-8.96613651301435,11.0084762387079,-1.00749919700809,12.2830212266794,-14.6400844848109,-31.3544584314601,-1.58906104500861,12.5566678328015,3.20828013492829,34.5910624805987,-15.671615367267,55.8639458162874,-1.14987678593927,14.5193007787353,0.269487816772308,-23.0037520354825,-47.8705495433932,41.9137501642021,3.85956735280257,15.281014955205,1.52013825680574,-15.4105564672445,-50.8251552502686,-69.3113888268662,1.41251760557054,13.3260726476589,-1.27111778933995,59.0555709225021,-18.7907554097064,-171.596955643075,563.852965976752,0.182188007440791,-0.02071604087506,712.896740012195,0.170536951544757,0.0229293774128694
64.975,-41.7954676358256,93.0416709283855,81.2270232399499,-72.6475017161711,78.6470167063105,62.0285041021267,3.12851742954929,-53.4180048530945,-30.9942855444072,-9.37642216330391,-115.701976221252,-79.6447347584827,8.7956704615198,11.6325540674893,-0.0205967743299619,-9.58948430373436,-15.125912408506,-109.052296895183,-9.04150497617907,11.18558349694,-1.01113702844371,11.578834541748,-13.6662690351189,-28.0701659925471,-1.19929973664119,12.4085535610947,3.12266519937333,34.4364983696599,-15.8383624340567,59.9364967895703,-1.06823737017125,14.6101624797559,0.350970756197173,-23.9408505869914,-51.6776801693024,48.7322287460785,4.0245922640798,15.5431859334276,1.48885878772882,-15.2008626538256,-54.8868603316837,-71.6680809198408,1.05897185737513,13.7369284741963,-1.53971530812184,64.6216150725322,-22.3816489535141,-183.011866369852,610.907117130471,0.18247254472027,-0.0203994576510711,686.873826957929,0.173002648817782,0.0223663351687229
64.98,-41.3163630501874,95.8209171274642,83.9478495201497,-72.2308971734239,83.3209085492778,65.0614784961037,2.83390388162171,-58.9227095854025,-35.6092434412471,-10.0019927993436,-125.114127207692,-87.0131245870772,8.69396061173848,11.8694216211219,0.0215574178191133,-8.7383870825004,-14.2702176980785,-110.232875376105,-9.11348808592559,11.3061781968709,-1.00100761130766,10.9240089932897,-12.6783777088232,-24.4318208652074,-0.875647978079265,12.2100517648831,3.0460326682978,33.825483368782,-16.0627213117183,62.9970449581103,-0.954234497915861,14.6731408238659,0.432674241871557,-24.7811627281156,-55.1034324674222,55.7951938761166,4.15456299470908,15.8011405166052,1.43672423157539,-14.8331759666222,-58.5689356625081,-74.252896027936,0.611095089233002,14.1739751445238,-1.85142525048979,69.5706218190149,-26.5832439577577,-194.246348282335,654.836287191144,0.182621518375603,-0.0203935990971136,658.07265997776,0.175078726058691,0.0218681529606135
64.985,-40.8230706644823,98.6584771411048,86.6478314059038,-71.7894717324869,88.2850881874766,68.4793544794887,2.51111230857277,-64.5583146098458,-40.4445341574434,-10.6769890587388,-134.999251879165,-94.8091370960438,8.56532558130865,12.0726694715389,0.0706261227635763,-7.8696143761312,-13.4465280026063,-111.384644895861,-9.18175148206065,11.372171675618,-0.977903364234006,10.3150427889653,-11.6793878621071,-20.4897116344044,-0.618256772176252,11.9705934664271,2.97976016247966,32.7946696808625,-16.31721469526,65.0570772423828,-0.809355870576633,14.7074022218798,0.514265758862184,-25.5064787910597,-58.0969338851223,63.0661366493037,4.23561546300074,16.0521008218614,1.36564038981542,-14.3002345916891,-61.8154148388019,-77.1002725724676,0.0581753100812775,14.629383462258,-2.20298961794861,73.7873398013256,-31.3898274964396,-205.191905081543,695.727522661853,0.182612286268382,-0.0206762668023224,625.753512581556,0.176865090976505,0.0214829825743772
64.99,-40.3152624239171,101.561648113129,89.345643385771,-71.3219271764802,93.5089112014337,72.2676921724541,2.15962177694377,-70.2981063258642,-45.4848911864881,-11.4037513135621,-145.352450964792,-103.047133287984,8.40982095540509,12.2412945073824,0.125759420032583,-6.98669159597361,-12.6501467168719,-112.526650928689,-9.24583447363774,11.3866446750993,-0.942875327612227,9.74767322668343,-10.6715857030992,-16.2951055137101,-0.426166129048481,11.7003199411383,2.92461364423891,31.3874630547696,-16.574542323707,66.1480582448612,-0.635706078831165,14.7125444307715,0.595407869548601,-26.1004580064801,-60.6146470544687,70.5043694522571,4.2603130823475,16.2948105951894,1.27808149753462,-13.5993749397261,-64.5770261735175,-80.2429319930999,-0.602733733385786,15.0954920589023,-2.5888679139038,77.1592833341635,-36.7782756067087,-215.746658555536,733.698966498574,0.182438876553255,-0.0212027556200471,589.411968730969,0.178476608432619,0.0212323461993478
64.995,-39.792596372747,104.533210233832,92.0586167275839,-70.8271342824892,98.9585787980068,76.4082647649862,1.77905353974371,-76.1136474398656,-50.7123847041462,-12.1845644924289,-156.162635773058,-111.738295268377,8.2279172563638,12.374783138462,0.186032715850969,-6.09283051813963,-11.8757573669128,-113.675088114043,-9.3051301222698,11.3537438248622,-0.897160120510123,9.21723215051563,-9.65662478864214,-11.8994660047949,-0.297313557370522,11.4096766144337,2.88079433503312,29.6530393478704,-16.8079435983658,66.319440598145,-0.435960749254793,14.6885935971945,0.675758823658881,-26.5491347633052,-62.6212732916616,78.0655103576156,4.22370284603875,16.52830660159,1.17699698096953,-12.7330582511337,-66.8122404932396,-83.7108482047886,-1.37083990436546,15.5644992753405,-3.00154278779566,79.5791334191923,-42.7078071893227,-225.817123597955,768.812313554248,0.182116278808225,-0.0219120535111319,548.884875154865,0.180031126484916,0.0211125943152286
65,-39.2547413815882,107.570998231841,94.8020436781722,-70.3041475200893,104.59735248008,80.8791700535428,1.36917802768614,-81.9751024115893,-56.1065391979273,-13.0216245803441,-167.412017583196,-120.88996700717,8.02049967154403,12.4730993800475,0.250470791356151,-5.19094884433893,-11.1177835941388,-114.842794013449,-9.3588642242463,11.2785506043298,-0.842097114818022,8.71898263564204,-8.63563437809317,-7.35371175389703,-0.228569511047699,11.1090176814457,2.84801982108332,27.6452469641041,-16.9916079879989,65.6362798138928,-0.21330503728343,14.6359908350336,0.754974035901786,-26.8413394094504,-64.0904415519402,85.702076803498,4.11845703635232,16.7500811549372,1.06572560897875,-11.709216957826,-68.4881572065344,-87.5301848769681,-2.24649932823272,16.0273248651545,-3.43197166470732,80.9474589570411,-49.120480962366,-235.319420442908,801.051157619589,0.181673747536764,-0.022727895943933,504.395154314585,0.181643272649035,0.0210929273000255
65.005,-38.7014033233838,110.667611640991,97.5885005134135,-69.752218475594,110.385808899157,85.6549618827574,0.92992011068027,-87.851583401253,-61.6445014986088,-13.9170029965304,-179.075683237428,-130.505003360592,7.78886134393194,12.5366635067418,0.318073078145248,-4.2837322102369,-10.3707350508541,-116.038838716973,-9.4060764517306,11.1669271477987,-0.779040776880218,8.24842220869392,-7.6093763612116,-2.70752911210666,-0.215802315926643,10.8082404452753,2.82563270056978,25.4214152934668,-17.1011249055985,64.1765392386591,0.0286417004301579,14.5555695697587,0.832708251068899,-26.9690108177133,-65.0051680952565,93.3641752454548,3.93688735546652,16.9564120689258,0.947837762067919,-10.5413852467276,-69.5812101279498,-91.7222306733598,-3.22908544201416,16.4741678421822,-3.86962729122659,81.1757073870644,-55.9424113288376,-244.179838689606,830.349998951755,0.181150699468186,-0.0235709507415107,456.535306004802,0.183414127866726,0.0211324705877169
65.01,-38.1323519195506,113.81028076642,100.427214124333,-69.1708077818669,116.282138745194,90.7068043447069,0.461362565935825,-93.7115089487079,-67.3012552737458,-14.8726093627274,-191.121273239014,-140.581142919299,7.53469037023353,12.5663226696238,0.387839274272357,-3.37373604614004,-9.62952879971792,-117.268224236954,-9.4456090960773,11.0253446893681,-0.709273988678343,7.80154004441115,-6.57844628200943,1.99125096769697,-0.253974755248835,10.5164666028959,2.81272839046958,23.041092033965,-17.1139575874238,62.0281776861091,0.285912770561705,14.4485252189303,0.908618061330541,-26.9273836585563,-65.3580811380785,101.000268319846,3.67202225269009,17.1424665031245,0.826969186545609,-9.24858694766039,-70.0776786979623,-96.3023665123467,-4.31580313091477,16.8949482448084,-4.30270937593893,80.1893828139077,-63.0856340908797,-252.334715571508,856.642622294984,0.180591386139952,-0.0243655771711229,406.203814650649,0.185437502894073,0.0211950384364563
65.015,-37.5474474188937,116.980900131493,103.323496878655,-68.5595953195464,122.242492464204,96.0026522533162,-0.0362522737037369,-99.5229679280028,-73.0498767528281,-15.8901532479794,-203.508777050597,-151.110420954491,7.26005068819502,12.5633151599728,0.45879428995404,-2.46352131769715,-8.88977779373301,-118.531704405305,-9.47609927268244,10.8606973591556,-0.633928723613813,7.37501837265074,-5.54351048642655,6.69720307747156,-0.337264616744915,10.2417782623248,2.80828933973839,20.5647353745049,-17.0099202533036,59.2861160621604,0.554289895671641,14.3163789717395,0.982364353611502,-26.7150405136183,-65.1514136522854,108.557996699076,3.31789826464939,17.3021746431029,0.706657597207852,-7.85496510264402,-69.9739940021737,-101.279101449625,-5.50129480818435,17.2795206043962,-4.71851105737275,77.9313006963321,-70.4505160418629,-259.729648489901,879.907576564202,0.180035267491857,-0.0250457595734321,354.519680196709,0.187783840596909,0.0212677018317198
65.02,-36.9466662413229,120.156235514264,106.278273480034,-67.9184884483577,128.221374237853,101.507461773723,-0.562522682797396,-105.254081818828,-78.8618254511082,-16.9711055387316,-216.190458150642,-162.078639048789,6.96735700482568,12.5292301857264,0.530011427427088,-1.55581475179154,-8.14804004394097,-119.825732374067,-9.49597450782664,10.6801055929888,-0.553920601970758,6.96637162247543,-4.50556783178036,11.3677780233022,-0.45920384238698,9.99101426130702,2.81131325572085,18.0523901352574,-16.771634745703,56.0491797534591,0.829404929189656,14.1609374688596,1.05361426742091,-26.3338271392394,-64.396775761188,115.985029665459,2.86987458974359,17.4281508279788,0.590184404126969,-6.38915079897513,-69.2768323750627,-106.653214602499,-6.7772360166787,17.6178611646799,-5.10387337150929,74.3647837688047,-77.928576858124,-266.318123312298,900.200952190343,0.179514817582465,-0.0255689198850746,302.73005902225,0.190505118287065,0.0213807651795381
65.025,-36.3301247181279,123.308304638757,109.287721472454,-67.2476280283596,134.172083999362,107.183435116202,-1.11688947777001,-110.873358994309,-84.7072629610132,-18.1166601328061,-229.110918814449,-173.464907868055,6.65934384170711,12.4659650738504,0.600632674971746,-0.65368094979152,-7.40202395678563,-121.142538871914,-9.50346162616827,10.4907175575627,-0.469903464397847,6.57402044626341,-3.46622099470465,15.9636896407339,-0.612838393121371,9.76963458334374,2.82092603324244,15.5623797287792,-16.3849419687906,52.4171107679658,1.10684442765083,13.9842500732928,1.12204233533491,-25.7886377353603,-63.1147254568609,123.229916805985,2.32564413693693,17.5120338578935,0.480439185526414,-4.8833832904267,-68.0029925042774,-112.417039393781,-8.13129444497414,17.9006194415907,-5.44567779789258,69.4766460483692,-85.4055789527508,-272.059698302147,917.678133165335,0.179046295337663,-0.0259131769509775,252.121717662945,0.193626266260163,0.0216213964763261
65.03,-35.698100091477,126.404925330304,112.343043968557,-66.5473920018297,140.047205306106,112.990302885223,-1.69863965534664,-116.350035515432,-90.5553924856387,-19.3276966907028,-242.207311579556,-185.241278916838,6.33902869170534,12.375681706367,0.66988505149481,0.239308868903497,-6.65074690283768,-122.470340185947,-9.49661040568031,10.2995144333045,-0.382249120886928,6.19730152501987,-2.42793955968845,20.4492155397007,-0.790903344186335,9.58165260562559,2.83646891436615,13.1500478520514,-15.8392446493211,48.4877378343473,1.38225390616426,13.788565184976,1.18733064578723,-25.087085319531,-61.3341622703697,130.242913319331,1.70459352458638,17.5551315455963,0.38000719901267,-3.37240816844292,-66.1790550482321,-118.553923187775,-9.52861929183256,18.1311894750863,-5.73062965598715,63.2798020861118,-92.7647406678148,-276.917931488708,932.606924847849,0.178638508288026,-0.0260827512950508,203.941620320791,0.197150146888516,0.0221522340372458
65.035,-35.0510479977642,129.410418742665,115.430389223868,-65.8183963279188,145.799134782327,118.88564700303,-2.30691164472846,-121.654397876474,-96.374811685011,-20.6047451961835,-255.409701096372,-197.372480008058,6.00966922839441,12.2607637380747,0.73709208536845,1.11892851735414,-5.89464529118606,-123.79367054742,-9.47333073615358,10.1131245276311,-0.29105584411108,5.83641776107723,-1.39429515024203,24.7924117116213,-0.986005643993927,9.42963032841947,2.85755080411672,10.8665847978881,-15.1277609694945,44.3543842480556,1.65143865177101,13.5762867235403,1.24916808049338,-24.2390795824732,-59.0915728068633,136.976753246932,1.05473170657687,17.5755249720952,0.291130716460519,-1.89219438362784,-63.8408271075708,-125.03789016896,-10.9065145200163,18.3346895421126,-5.94661114303483,55.8153380401631,-99.8899382557874,-280.85827022854,945.350743720346,0.178286203716663,-0.0261001246831807,159.331494592523,0.201063944791984,0.023216975278153
65.04,-34.3896157510776,132.286449337063,118.530926976474,-65.0614930945135,151.380646680761,124.825266116569,-2.94070206574766,-126.758084203596,-102.133871572161,-21.9479530791024,-268.64157658326,-209.815767573703,5.67471451152921,12.1237757422867,0.801679754137736,1.98018646453144,-5.13563525860772,-125.093829357501,-9.43144502627785,9.93765239095502,-0.196187039286808,5.49233690105188,-0.370148235952029,28.9652430334738,-1.19081001510015,9.31473143374794,2.88406058759004,8.75797287104333,-14.2476731331803,40.1035826063007,1.91045813616253,13.3499315306075,1.30724890878056,-23.2563403091747,-56.4301595610477,143.387348339962,0.399284963011213,17.5814947248144,0.215424428400513,-0.478523262118165,-61.0325777080612,-131.833528285854,-12.226588011879,18.5277689122281,-6.08602181831198,47.1538900677793,-106.668779249754,-283.846130773234,956.334557685367,0.177979430350757,-0.0260047125745526,119.277797131625,0.205346516044875,0.0251691654574575
65.045,-33.7146508617682,134.992977862011,121.621086197266,-64.2777656746322,156.7454839764,130.763584077527,-3.59887387307727,-131.634361466041,-107.801034605204,-23.3570556360685,-281.820511393474,-222.520906873258,5.33775021933658,11.967424920264,0.863176551470615,2.8172701054346,-4.37712358766504,-126.349429673849,-9.36875559726989,9.77852834541459,-0.097338978243753,5.16664957158675,0.638232816128298,32.9436337093698,-1.39822261106931,9.23682450684117,2.91613748396319,6.86408336707555,-13.2001605133842,35.8131531130226,2.1557113500132,13.1120880752917,1.36127123398718,-22.1518781083581,-53.398885125624,149.434394949417,-0.279253101981091,17.5586898100815,0.153789600975446,0.834487602852273,-57.8060749519204,-138.89611260748,-13.4886550854452,18.7016883826321,-6.14548849957308,37.3961938046686,-112.995450357376,-285.845380513101,965.986281633329,0.177704401428679,-0.0258392361824598,84.5706477198714,0.209989632407495,0.0285370793011861
65.05,-33.027204366988,137.489298956166,124.67295324804,-63.4685208471471,161.848965497176,136.65410050658,-4.28016575948448,-136.258377281566,-113.345225737843,-24.8313504481391,-294.858962414404,-235.430288658537,5.00243814513776,11.7945254491761,0.921207759518172,3.62355885393409,-3.62396875068204,-127.537030802059,-9.28312548606922,9.64038306121661,0.00586626024099163,4.86139993145038,1.62313723168961,36.7074435364221,-1.60156700240705,9.19462722054937,2.95410127274525,5.21795379341974,-11.9903132600575,31.5506882772023,2.38401075994665,12.8653765330836,1.41093593753831,-20.9394754977173,-50.0514628917751,155.081876852734,-0.989402071930793,17.495063267418,0.106191168494804,2.01585633066761,-54.2194407586881,-146.171967994636,-14.6830337126211,18.8500036080865,-6.12413891421742,26.672695752422,-118.773263629834,-286.817397011643,974.677013091721,0.177446090259773,-0.0256483540452273,55.7626643165307,0.215022985403623,0.0342362449533287
65.055,-32.3285287099904,139.735131399249,127.654823644066,-62.6352778618912,166.648597050858,142.449880684129,-4.98320268839423,-140.607385781679,-118.736170970321,-26.3696764389534,-307.665198162265,-248.47918797782,4.67245052838283,11.6079650076824,0.975484450625349,4.3917161615504,-2.8823921915708,-128.63183493175,-9.17256984499095,9.52695078605302,0.113769180866313,4.57890345365725,2.57547430565263,40.2403774953855,-1.79474722863424,9.18588128584304,2.99834811220863,3.84526850159014,-10.6269286955393,27.3724720135852,2.59264303571286,12.612410086463,1.45594682295294,-19.6332002484794,-46.4453228373957,160.298457813626,-1.72198887584093,17.3876823152864,0.0716337220139255,3.03913286625029,-50.3358450909727,-153.599064129885,-15.783528752404,18.9766250542999,-6.02417088754965,15.1421523492039,-123.916843053724,-286.720819940905,982.671645408699,0.177196242011201,-0.0254663160799549,33.1197445670533,0.220560740465616,0.0443520935474346
65.06,-31.6200700766711,141.69172666398,130.53189489996,-61.7797544946632,171.104673445756,148.104080139309,-5.70650742662262,-144.660947645809,-123.944718833519,-27.97039814146,-320.144340501612,-261.59616760499,4.3514002113007,11.4106725828109,1.02578817397948,5.11386510699055,-2.15984027930275,-129.608425733047,-9.0353540307446,9.44100357124135,0.226551445883697,4.32156660718858,3.48493947168657,43.5298374689149,-1.97239299056724,9.20754743610935,3.04922126142976,2.76405883020934,-9.12219907344497,23.3228458385301,2.7794151672255,12.3557571904264,1.49601261033206,-18.2469794251395,-42.6405773375298,165.057763417069,-2.46647635799162,17.2349159985148,0.0484304752548465,3.8836491530345,-46.2220680417724,-161.107826281174,-16.7636666710377,19.0862434755163,-5.85137954943004,2.98918416115592,-128.353908922719,-285.512041116683,990.095205857928,0.176950013218726,-0.0253134262160142,0,0,0
65.065,-30.9034552742079,143.322960492778,133.267082546178,-60.9038502051976,175.180857893275,153.570497441788,-6.44851295080195,-148.401104836,-128.943141181388,-29.6313956472633,-332.199501160948,-274.703625122071,4.04276805127879,11.2055863811755,1.07195264725908,5.78184571871186,-1.46479796239484,-130.441525813983,-8.86994819536656,9.3845652482709,0.344115187833592,4.09172233846358,4.34028361622179,46.5667258000189,-2.1297709858067,9.2562037543524,3.10687919507481,1.98463054758037,-7.49130492764533,19.4340194890556,2.94268505358823,12.0979045708604,1.53085127725573,-16.7942570881644,-38.6990075235349,169.33855688832,-3.2131827261396,17.037547067179,0.0343396781649774,4.53555908928715,-41.9469647974991,-168.622136301397,-17.5996506652742,19.1846428278839,-5.61541625335424,-9.57920056667399,-132.026629689345,-283.146402168274,996.921279977298,0.176707035352879,-0.0251970949794549,0,0,0
65.07,-30.1804734104752,144.59637274668,135.821936579943,-60.0096265777463,178.844725490428,158.804146952049,-7.20757560448593,-151.812530736934,-133.705410600243,-31.3500606011198,-343.732990771626,-287.718479037993,3.7498294038091,10.9956205646459,1.1138440353259,6.38754519408157,-0.806556154334586,-131.106749951347,-8.67460979161013,9.35971109226156,0.465974159752125,3.89149327759328,5.12967774589533,49.3452108481819,-2.26216023385836,9.32886994327128,3.17117968901422,1.50971727003288,-5.7519329307022,15.7263083510799,3.0813760932678,11.8412208762435,1.56019701348879,-15.2877516417364,-34.68308600809,173.124817838081,-3.95325039188879,16.7976704473226,0.0267352811088852,4.98861362768642,-37.5798748002366,-176.06049085074,-18.2708079873975,19.2772422425776,-5.32902698197023,-22.3380487910412,-134.89252168802,-279.579997599929,1002.98779626318,0.17647139719703,-0.0251137088218476,0,0,0
65.075,-29.4530527973686,145.484122621035,138.157631582084,-59.0992852869531,182.068258158289,163.761841767372,-7.98198888599518,-154.882656301551,-138.20745260933,-33.1232984768117,-354.647575137685,-300.552985578477,3.47558177701506,10.783629608498,1.15134153447687,6.92328527217321,-0.194936357924137,-131.581331958409,-8.44811082206721,9.36736898100622,0.591167606575395,3.72269163666365,5.84115761620678,51.8624646327357,-2.3658999085457,9.42222787265807,3.24148978612498,1.33484914880745,-3.92374062169901,12.20876607123,3.19497575406143,11.5879211613727,1.5838097792352,-13.7393208912569,-30.6550472129051,176.405735913116,-4.67660119571911,16.5148504624286,0.0228024008805061,5.24462931265187,-33.1890218313009,-183.337278131511,-18.757468608884,19.365526941568,-5.00635903020253,-35.0497569878694,-136.92488766232,-274.77192112212,1008.04074376761,0.176246767608822,-0.0250502087614075,0,0,0
65.08,-28.7232336504436,145.963829385128,140.236000676544,-58.1751438894778,184.828279495215,168.402775905094,-8.76999774862622,-157.601772526352,-142.427371573804,-34.9475372329271,-364.847751223423,-313.115674034424,3.22267593879448,10.5723693416614,1.1843199775563,7.38224484178925,0.360022007604838,-131.844804781166,-8.19100890444635,9.40547403285736,0.718207642534988,3.58676105235227,6.46312612087468,54.1183820743255,-2.44011459990807,9.53131803184829,3.31652747661228,1.44891703519338,-2.02779235605875,8.88016817495223,3.28351856556536,11.3400326956721,1.60148715058813,-12.1599346521937,-26.6760124535696,179.175633019858,-5.37259990826963,16.1876206995898,0.0197440323376716,5.31362402439252,-28.8399555936601,-190.364130865342,-19.0421169359932,19.44833417951,-4.66268867922828,-47.4700530607606,-138.112796672089,-268.686751592336,1011.8068717708,0.176034882010709,-0.0249921080760434,0,0,0
65.085,-27.9931372867864,146.019272731583,142.020581565989,-57.2396097933685,187.106819222044,172.689093953865,-9.5698132940467,-159.963109084242,-146.345649838497,-36.818742302153,-374.241013845511,-325.312384930045,2.99335284938313,10.3644541847055,1.21263602600678,7.75889101703615,0.848403757475444,-131.879615737111,-7.90487616745619,9.47069953347515,0.845067415511261,3.48476146438932,6.98488572333398,56.1152903354587,-2.48543108173721,9.65100636054778,3.39440658668763,1.83490411394935,-0.0859912914919836,5.7302919191217,3.34755444335787,11.0993628925248,1.61307782300662,-10.5597468302822,-22.8051736226641,181.433828109692,-6.03222719626603,15.8162428883515,0.0149901669075887,5.21361078050931,-24.5940870696138,-197.051311970951,-19.1122491302971,19.5240947854454,-4.31441758555371,-59.354458291547,-138.460621381207,-261.297055920365,1014.05878226965,0.175841306061697,-0.0249217358119136,0,0,0
65.09,-27.2649326294024,145.640931476512,143.477642115323,-56.2951528017978,188.891398313769,176.5864360237,-10.3796277362582,-161.962888441985,-149.945319993025,-38.7324377202493,-382.739083618519,-337.047391901217,2.78938880428423,10.1623107416412,1.23611922360947,8.04938889429885,1.26077915873428,-131.671661555257,-7.59151822230404,9.55989830188372,0.969214734637914,3.41739388703083,7.39716948240447,57.8576554777372,-2.50278792007225,9.77715414673441,3.47269166830633,2.47075016588303,1.8794688344053,2.74142938568474,3.38810369937469,10.8674703930531,1.61849584651837,-8.94825181723756,-19.0990369276973,183.184457584387,-6.65947955816854,15.3921667527673,0.00634750684242102,4.97005807957518,-20.5073689637837,-203.309090402,-18.9696438235088,19.5782770417644,-3.97758582899949,-70.4649867993029,-137.987163898635,-252.58569139888,1014.66081903805,0.175669137480496,-0.0248275978258281,0,0,0
65.095,-26.540800907131,144.826344454409,144.577153380714,-55.3442766646481,190.175227430106,180.064445833414,-11.1976295078135,-163.60035431122,-153.212110390306,-40.6837330561186,-390.259067174211,-348.224585200261,2.61205108304725,9.9681286593434,1.25456877913028,8.25195939933747,1.58857122295493,-131.210730869681,-7.25332501591848,9.66953624562365,1.08769183173882,3.38505802147382,7.69263765993895,59.3517922885218,-2.49390661038764,9.90615646144063,3.5484168062199,3.33030865075471,3.84661087069889,-0.109934698283694,3.40660051115122,10.6456404736811,1.61773443186114,-7.33450426985748,-15.6107267383469,184.436262410617,-7.2757330580591,14.8893948709757,-0.00781325821298948,4.61504234049931,-16.6291685989032,-209.049067718747,-18.6326696776297,19.5740234658473,-3.66624284597774,-80.5768171644076,-136.724417400082,-242.547717715851,1013.57790798568,0.175523558914786,-0.0246971118053825,0,0,0
65.1,-25.8228994923448,143.580282957362,145.293679543985,-54.3894900996652,190.95731299675,183.097230166911,-12.0220183726972,-164.877772976879,-156.13456407744,-42.6673556675969,-396.724522296036,-358.748692304875,2.46206617543549,9.78381043437517,1.26775645933947,8.36715626051066,1.82441382934463,-130.49084486683,-6.89338893079909,9.79556412483046,1.19723780285166,3.38793246158892,7.86630771900859,60.6055818507722,-2.46140792131283,10.0347912299647,3.61818714271442,4.38435406216589,5.79412284019004,-2.85135150782259,3.40482702202738,10.4348659664839,1.61087803540829,-5.72737720786367,-12.3893491315564,185.202350276424,-7.88015385714683,14.2960662163677,-0.0283417805068905,4.18613339496332,-13.0013736656038,-214.18542091889,-18.103901498603,19.4914198979148,-3.39321421468164,-89.4846628543016,-134.716026020437,-231.191775166895,1010.8591836338,0.17541138652625,-0.0245243104339776,0,0,0
65.105,-25.1133258433446,141.914729799773,145.607156816465,-53.4332777639623,191.242467140229,185.66375867571,-12.851020401822,-165.800405824644,-158.704131193434,-44.6776876838158,-402.066403242999,-368.526509337477,2.33960228836521,9.61092251833403,1.27543545397326,8.39803720403613,1.96248383062509,-129.510489695631,-6.51545065307926,9.93354544834567,1.29444714916618,3.4260651007488,7.91588873676143,61.6282003584871,-2.40869079396749,10.1602341138228,3.67834231179749,5.60159671540484,7.70173510285201,-5.51261364804613,3.38484061104269,10.2358347725772,1.59811141665273,-4.13583109299027,-9.47941505335582,185.49993785811,-8.43740901991458,13.6330102460946,-0.0552376534794356,3.72506672450567,-9.65776147928621,-218.636033471965,-17.362340780339,19.3488353815162,-3.17086917853166,-97.0085761176585,-132.015517864493,-218.540843919573,1006.6037055397,0.175342862801766,-0.0243065454085407,0,0,0
65.11,-24.4140825140664,139.848665855774,145.503536896399,-52.4780716663877,191.041219515087,187.748194063644,-13.6829026575016,-166.376451136065,-160.915234681478,-46.7088070086949,-406.223864976181,-377.468116007287,2.24426734489354,9.45065058156258,1.27735456494294,8.35021071318559,1.99878962156835,-128.272736886137,-6.12381727510563,10.0787845153641,1.37595424651259,3.49946049964065,7.84199663833669,62.4298618980162,-2.33978711555326,10.2800432550305,3.7251593675604,6.94966432328802,9.55051845165648,-8.12400482505411,3.34889715584586,10.0489248056995,1.57972447028511,-2.56916621752205,-6.92032393390136,185.350074809379,-8.9210533793105,12.9207910408451,-0.0876267579617797,3.27626538275403,-6.62365039814721,-222.323493948331,-16.3988111847995,19.1618853535939,-3.00911443840538,-102.998943927887,-128.684393569851,-204.632362104691,1000.92425481492,0.175327641433334,-0.0240401647332957,0,0,0
65.115,-23.7270441609497,137.407670623451,144.975274849857,-51.5262235116544,190.369630946834,189.34014401239,-14.5159874225762,-166.616953015084,-162.765308888854,-48.7545315552339,-409.144909308178,-385.488046649478,2.17512310078572,9.30376209437808,1.27327661859515,8.23174766188303,1.93139910652188,-126.785250352403,-5.72325513875792,10.2264517540587,1.43863097201908,3.60815154348762,7.64823377545309,63.0215774622241,-2.25919666166665,10.3921200661633,3.75508063605083,8.39601425709478,11.323100767381,-10.7146547216177,3.29937325930486,9.87420684502879,1.55611186425647,-1.0372322856466,-4.74590985783814,184.777347788314,-9.32249514357025,12.1685322329415,-0.123849215250603,2.88527975801915,-3.9158385992585,-225.175949628417,-15.2216721142715,18.9305656276621,-2.91428431750057,-107.340472891072,-124.790154618033,-189.517740612272,993.917026209401,0.175378044937765,-0.0237247347280167,0,0,0
65.12,-23.0539274167518,134.623348839338,144.021646172666,-50.5799784579786,189.249010734788,190.434827743669,-15.3486657985676,-166.535675197946,-164.254810316048,-50.8084658600898,-410.786860970385,-392.506390699792,2.13071535118875,9.17057942415429,1.26299965127557,8.05295620944699,1.76059169285373,-125.060180627288,-5.31886109565054,10.3717043562343,1.47978319523313,3.75224467524171,7.3411246637213,63.4149323132046,-2.17170723239547,10.4946538390917,3.76494904096501,9.90874698989252,13.0038047873515,-13.3110518774922,3.23869039853476,9.71145535071029,1.52776686364872,0.449427638233902,-2.98405376566829,183.809560047841,-9.63614821067907,11.3854964677287,-0.161637060441838,2.59721428377456,-1.54282148304238,-227.127810529196,-13.8441127321227,18.6537770459214,-2.88940161673221,-109.955010083767,-120.404351401318,-173.261363374923,985.638844512512,0.175501295270038,-0.0233619831002017,0,0,0
65.125,-22.3962644155486,131.532600240758,142.648883107974,-49.6414507510673,187.705541382425,191.033151818622,-16.179410486112,-166.148937509028,-165.38719945795,-52.8640491949885,-411.116666980121,-398.449797618786,2.10911951064491,9.05096638299554,1.24637921281554,7.82602782678219,1.48892185998226,-123.113948888453,-4.91591688369144,10.5098008938691,1.49733149862666,3.93193116662764,6.92990853030216,63.6218838515939,-2.08220574158066,10.5860588464488,3.7522320600262,11.4572994412984,14.5787137826276,-15.9357575152121,3.16924379764989,9.56016685919063,1.49526917038527,1.87951685493087,-1.6563664111906,182.477380115803,-9.85828663896039,10.5819877369626,-0.198267504713634,2.45520700685546,0.494734346790424,-228.12030691978,-12.2826674226072,18.3306258327247,-2.93418521047133,-110.803104742834,-115.60072151436,-155.939198937216,976.102789829738,0.175703462412516,-0.0229533829284518,0,0,0
65.13,-21.7553806445544,128.176754198957,140.870125866033,-48.7126016685605,185.769816501531,191.141691605794,-17.0067875508482,-165.475412947394,-166.168892385161,-54.9146042873111,-410.111018464877,-403.252363837917,2.10800016893927,8.94433058891197,1.22335008177267,7.56457147213647,1.12118588483271,-120.966925213429,-4.51973217144705,10.6362090441381,1.48996237756112,4.14746097378599,6.42619805493629,63.6545822164323,-1.99548673679051,10.6649127101152,3.7152157350381,13.0130062014288,16.0356752200337,-18.6063524062739,3.09333854179079,9.41958517365198,1.4592671146018,3.24102050278603,-0.777947707715155,180.813952083253,-9.98718028180572,9.76903250720401,-0.230740941046501,2.49902101215228,2.20329426792657,-228.101910190739,-10.5567484132033,17.9602872131803,-3.0451778164104,-109.884277145187,-110.453475004469,-137.6371695914,965.282346301116,0.175983113446897,-0.022507497088168,0,0,0
65.135,-21.1323776697128,124.600594968062,138.705190049039,-47.7952201706819,183.476299575381,190.772576770859,-17.8294669697585,-164.535883781745,-166.609180474373,-56.9533857870172,-407.756299940434,-406.85638267562,2.12468260539749,8.84964316117945,1.19394577505314,7.28306101079823,0.664288200212375,-118.643007490535,-4.13548248446741,10.7467057140348,1.45723821443258,4.39908029934387,5.84352167304191,63.5252157450855,-1.91606546846449,10.7299040772158,3.65315210488425,14.5495262076594,17.3642546456976,-21.3346376779896,3.01313505058521,9.28873223133707,1.4204550299078,4.52134206908984,-0.357228480323882,178.85446012801,-10.0229760045474,8.95831507177214,-0.255975745222665,2.76379680051561,3.59557889812275,-227.028632538576,-8.68802556068122,17.5422007434491,-3.21603404848524,-107.236021465809,-105.035766958583,-118.44942781765,953.125763685273,0.176335198123081,-0.0220348919347257,0,0,0
65.14,-20.5281211368633,120.851306570016,136.180157160074,-46.8909066052298,180.862713090574,189.943281121103,-18.6462317476459,-163.352955577619,-166.720116544105,-58.973627670099,-404.048376616735,-409.21294226333,2.15623372840708,8.76547622646038,1.15831443641709,6.99622731506171,0.127009286978803,-116.169109634372,-3.76804867611023,10.837468767582,1.39965735257817,4.68693855305061,5.19677348333308,63.2458830142999,-1.84800309114551,10.7797961389351,3.566346913691,16.0431416259703,18.555653030519,-24.1260995231065,2.93060553125345,9.16644329176887,1.3795470692059,5.70753905056989,-0.395900379904589,176.635641174314,-9.96377085720181,8.16888580713344,-0.271004572808424,3.27900276449512,4.68955635299257,-224.864225056555,-6.69728452121965,17.0836298193745,-3.4380670196393,-102.931625004399,-99.4183805871448,-98.4766777096832,939.569394909155,0.17674641285488,-0.0215523719569441,0,0,0
65.145,-19.943234292758,116.977368821179,133.326800414294,-46.0010597586473,177.969369316658,188.67631914357,-19.4559853920797,-161.950728886908,-166.516365612966,-60.9685888480484,-398.992235590234,-410.282361191003,2.19954951855721,8.69005755534542,1.11672997904436,6.71843056281827,-0.480317436367673,-113.574570268564,-3.42186479896185,10.9051592888307,1.31865935375669,5.01097445131719,4.5015997244781,62.8284923651667,-1.79475174642398,10.8134104045666,3.45617917200227,17.4729437082863,19.6026007539049,-26.9796375965217,2.84750246388195,9.05140496121859,1.33724903221263,6.78664872954156,-0.888938749514178,174.195241994983,-9.80757734494432,7.42598233345741,-0.273154571576294,4.06760796411609,5.50735497474493,-221.580296315053,-4.60537308622961,16.5983459203583,-3.70050178009,-97.0769338695019,-93.6686275137715,-77.8246545848502,924.561701970978,0.177203033132883,-0.0210784423192969,0,0,0
65.15,-19.3780971049153,113.027437568318,130.181863025633,-45.1268674804629,174.838455636551,186.99885357754,-20.2577575389638,-160.354429376523,-166.015018598904,-62.9315963554213,-392.60150147382,-410.034456665366,2.25144580614732,8.62134047911515,1.06959770801255,6.463049734544,-1.14620697689704,-110.890495801374,-3.10078111897283,10.946992965179,1.21657468678415,5.37079404842793,3.7737536696191,62.2846885733395,-1.75902701770527,10.8296326238047,3.32504969530232,18.8209266084611,20.4992404533482,-29.8875478398204,2.7653395639929,8.94219454339123,1.29422995200621,7.74608838582779,-1.82472157315464,171.571420480731,-9.56463902801518,6.73800206942579,-0.26020131300279,5.14548853737852,6.07414712675083,-217.156374306771,-2.4411424203731,16.0822746854475,-3.99061312141751,-89.8062329394488,-87.8494575802278,-56.602843148755,908.078954991889,0.177687921368704,-0.0206326295795343,0,0,0
65.155,-18.8328508913436,109.049242714434,126.786210576076,-44.2693010369306,171.513288706614,184.942220328678,-21.0507075311815,-158.589998443674,-165.235367544868,-64.8560856096918,-384.897850854451,-408.448645286567,2.30874911486588,8.55708615704123,1.01745402531773,6.24192505999328,-1.8584850274621,-108.149054682287,-2.8079485429686,10.960798861283,1.0965223062018,5.76555517502193,3.02845151146444,61.6258047453377,-1.74271445305448,10.8274401008088,3.17626160518372,20.072014054601,21.2410093796842,-32.8357428117304,2.68538504819506,8.83731926736492,1.25109520822933,8.5741085661294,-3.18524536332465,168.80209504061,-9.25368125355075,6.09579622340636,-0.230492002412084,6.52106724894403,6.41705073465165,-211.579933779405,-0.238546322944207,15.5141964896448,-4.29473944459904,-81.2774346630849,-82.0187590201518,-34.9234778519789,890.143514801693,0.178189850523157,-0.0202267267424219,0,0,0
65.16,-18.3074082061143,105.088537045959,123.183882858284,-43.4291132725777,168.03755287073,182.541378929309,-21.8341257709859,-156.683647961037,-164.19864141214,-66.7356373747904,-375.910353020064,-405.513881891126,2.36838435636717,8.49495436811311,0.960960192574581,6.06488528615466,-2.60479018186158,-105.382742348077,-2.54572986728918,10.9450636775256,0.962262470615947,6.19387283763791,2.27976042854997,60.86283577352,-1.74681546288138,10.8059471476171,3.0138414183606,21.2140451165837,21.8245299455061,-35.8041864314654,2.608666430684,8.73525407398241,1.20836280057528,9.26027368694895,-4.94643612415964,165.924250893091,-8.88815270963994,5.49575760470638,-0.183037199134432,8.19517565773658,6.56408895577422,-204.846408638804,1.97295641525925,14.8811592352482,-4.59921788985871,-71.6667869133513,-76.2288218484167,-12.9008327118677,870.827407719591,0.178697843262199,-0.019869316082457,0,0,0
65.165,-17.8014675703937,101.188127143914,119.42107359797,-42.6068405773052,164.454539054186,179.834298539032,-22.6074326943458,-154.661384671682,-162.927702150336,-68.5640112071002,-365.674766461258,-401.228447082284,2.42745636739699,8.43259836169689,0.900890472834678,5.93938545966533,-3.37309282249772,-102.623638643242,-2.31564199797639,10.8989596233626,0.818015376560991,6.65375854041284,1.54004677744109,60.0064279988012,-1.77143592242718,10.7644633464107,2.84231424075259,22.237744020799,22.2475150964939,-38.7675153254071,2.53598554791893,8.63447682263289,1.16644414791505,9.79594157819235,-7.07855060908985,162.973217020921,-8.4771123262606,4.94099569458896,-0.117570346070027,10.1611206979787,6.54324049873686,-196.959205521686,4.16784696001612,14.1796487487805,-4.89068596289444,-61.1633152065969,-70.525932898372,9.34922446331617,850.249122770196,0.179206680559542,-0.0195594650983484,0,0,0
65.17,-17.3145324965016,97.3870147785062,115.545068604381,-41.8028085737287,160.806400715434,176.861291119401,-23.3701752533136,-152.548511793686,-161.446701651333,-70.3351753148148,-354.232821543242,-395.599598880196,2.48332263424649,8.36775897831227,0.83811528356253,5.87027298262242,-4.15220640021863,-99.9026810182716,-2.11833169260892,10.8223543240083,0.668258470323055,7.14260335123223,0.819507649419074,59.0668783649336,-1.81581835089745,10.7025578418085,2.66645026798194,23.1366952128794,22.5086931716333,-41.6958155670335,2.46794209189698,8.53349999087621,1.12563041209074,10.1747127980754,-9.54666026376477,159.981932385154,-8.02961296238883,4.43358745544976,-0.0345625076101679,12.4049323625851,6.38160459321407,-187.929730123233,6.3215034801666,13.4075608500503,-5.15639849264762,-49.9632101229136,-64.9500699755242,31.7094641127797,828.564303951215,0.179714875785053,-0.0192879030084105,0,0,0
65.175,-16.8459341299666,93.7196733070969,111.603174078311,-41.0171413568995,157.133443365988,173.664304856594,-24.1220208408613,-150.369117509674,-159.780701330635,-72.04333291254,-341.63151954536,-388.643108190355,2.53365502744786,8.29835328024982,0.77358026123461,5.85969070683006,-4.93226715715887,-97.2489772963932,-1.95366839728087,10.7157320179244,0.517516359300777,7.65721016820465,0.125803363424057,58.0541355375869,-1.878508041465,10.6200655515705,2.49100426391465,23.9073390236732,22.6077551579046,-44.5555213585153,2.40496365363712,8.43089815595883,1.08608492162983,10.3928217577056,-12.311207784412,156.980224172866,-7.55474890010688,3.97424151291726,0.0648060053794909,14.9057666033572,6.10469629952513,-177.777432794678,8.41021873870082,12.5641633503891,-5.3845838662031,-38.2643579986794,-59.5346648068239,54.0613812164507,805.954849327638,0.180221940581662,-0.0190404204102466,0,0,0
65.18,-16.3948567356685,90.2154788594356,107.641666968249,-40.2497740388194,153.473463615737,170.286192096034,-24.8627486506685,-148.145561961151,-157.955257442073,-73.6829452966172,-327.922476814806,-380.382701342811,2.57648893932896,8.22255331565351,0.708282348459224,5.90711655371709,-5.70515990569292,-94.6891810670134,-1.82162683574085,10.5794863689715,0.370156257248249,8.1938755296634,-0.536197635107799,56.9777953860899,-1.95838699944013,10.5165818044282,2.3204879553797,24.54899591397,22.545325703711,-47.3104009839773,2.34734013253084,8.32533075496866,1.047841834414,10.4494448379822,-15.3286243555314,153.994123951175,-7.06147396540234,3.56236425963546,0.178712449080721,17.6364372051989,5.73588049006691,-166.529874701002,10.4114117547208,11.6504298267106,-5.5647310602495,-26.2611934106755,-54.3064095283285,76.2852124623408,782.619883256127,0.180731125215258,-0.0187974710410312,0,0,0
65.185,-15.9603651821728,86.8983106992255,103.704798382766,-39.5004682756567,149.861152632673,166.769966941788,-25.5922385302009,-145.897975906619,-155.995976781402,-75.2487519965885,-313.161339994537,-370.849435648839,2.61025883605841,8.13885134803169,0.643244135943502,6.00953035437846,-6.46487011244757,-92.2469507404237,-1.72175187423448,10.4144591114972,0.230204250381239,8.74851603187734,-1.16455605251528,55.8470839699944,-2.05410721181215,10.3919561323311,2.15893224712348,25.0639190910834,22.3229578863485,-49.9225950407291,2.29526032158308,8.21555982067173,1.01081075580521,10.3469055508042,-18.5519945102763,151.045249260023,-6.55827021485118,3.19612658219277,0.304789788976663,20.5640517403595,5.29594692858295,-154.22281083935,12.3040209847043,10.6692967479751,-5.68781353597601,-14.1400271423486,-49.2850889620894,98.2599612588812,758.766087596008,0.181244355042489,-0.0185456582187902,0,0,0
65.19,-15.5414335352839,83.7863293778673,99.833879158634,-38.7688303885675,146.32757741796,163.158068214065,-26.310457456525,-143.643785264952,-153.928049101712,-76.7357884686141,-297.407294405392,-360.081035628607,2.63381985980849,8.04610885554786,0.579487696423256,6.16169097896682,-7.2077460553705,-89.9425100445663,-1.65094079675238,10.2237422580774,0.101192507143868,9.3168295764411,-1.76028139588794,54.6708227077824,-2.16172107324804,10.2478677969402,2.00964124000267,25.4573671917726,21.9431504904521,-52.3536724093734,2.24884849879053,8.10046258544273,0.974786643677327,10.0907630105207,-21.931755250387,148.150278170368,-6.05294275250391,2.87262351457538,0.440247067161123,23.650729158389,4.8028246055822,-140.900281805468,14.0688011458322,9.62589439840631,-5.74645569478655,-2.07497455629839,-44.4834303033222,119.863500671692,734.59949982933,0.181764680585277,-0.0182698386125963,0,0,0
65.195,-15.1369738586617,80.8919353244967,96.0664738105572,-38.0543316316146,142.89975139071,159.491643612188,-27.0174438378708,-141.397276269284,-151.775764256286,-78.1394018823677,-280.722682750979,-348.121218189692,2.64645570789263,7.94358775445928,0.518009033394534,6.35650090422665,-7.93265902016832,-87.7923234518607,-1.60453970571299,10.0116186128355,-0.0139561920643341,9.89447781509072,-2.32723907976939,53.4573725975559,-2.27600226241119,10.0870593844583,1.8750852492121,25.7376816698088,21.4093854579545,-54.5656705953498,2.20819892528914,7.97903903962116,0.939464015530367,9.68977702469544,-25.4164165595781,145.320542580475,-5.55255577295297,2.58806805783483,0.582001743554295,26.8543795366467,4.27143073573048,-126.614702627184,15.6885106356114,8.52769529576562,-5.73504420669676,9.77542223339164,-39.9069723326906,140.972811757876,710.321065469048,0.182290219964055,-0.0179665143561474,0,0,0
65.2,-14.745864336166,78.2219044989913,92.4357253500713,-37.3563301141859,139.600303485484,155.809870671814,-27.7132899173394,-139.169215893463,-149.562023697724,-79.4552656099521,-263.172745516369,-335.019034527564,2.6478735417095,7.83096351933381,0.459754069993917,6.5854315147744,-8.64105415994411,-85.8088949929306,-1.57859979313097,9.78173837257657,-0.11300052344535,10.4772737253851,-2.8719540833055,52.214556987923,-2.39293862477739,9.91185500057062,1.75689497534605,25.9163483511212,20.7261822476431,-56.5220889698805,2.17340628117763,7.85041473231146,0.904454263628367,9.1557504046749,-28.9532916608464,142.561762568657,-5.06342988847324,2.33760515360955,0.726812189781562,30.1295295402872,3.71364822644859,-111.426934432767,17.1480397588869,7.38417389568004,-5.64980177158733,21.2708180863503,-35.5539671118976,161.464398352234,686.127044995507,0.182821411530399,-0.0176371459623699,0,0,0
65.205,-14.3669758766149,75.7776919102888,88.9698289899735,-36.6740938518438,136.447252468539,152.149329422188,-28.3981226258082,-136.966541693885,-147.307857392001,-80.6793930507958,-244.825488168957,-320.828254866073,2.63818711069116,7.70832103943089,0.405596875991593,6.83898082670651,-9.33688951596908,-84.000693512106,-1.56957398496557,9.53748335921863,-0.194411822918975,11.0613575025124,-3.40332327557839,50.9495651757017,-2.50937158800354,9.72447306822416,1.65585529492116,26.0080198455474,19.8991650760943,-58.1888060832317,2.14459028541173,7.71383932371706,0.869304822824963,8.50325607177517,-32.4892271417603,139.873939129363,-4.59101126511341,2.11594127945666,0.87140689809403,33.4281799057766,3.13842450591565,-95.4063232425095,18.4346751102064,6.20716422265599,-5.48879675708718,32.2909073969222,-31.4153375795359,181.214901157654,662.208325281693,0.183354877286076,-0.0172860498455911,0,0,0
65.21,-13.9991964349262,73.5558883378048,85.6916677040762,-36.0068243996133,133.453890446211,148.543440547763,-29.0720832963042,-134.792134099315,-145.031958359029,-81.808151418475,-225.751673536056,-305.606819398494,2.617889596055,7.57613505860277,0.356320612917559,7.10713594259083,-10.0264655419005,-82.3722020342164,-1.57380399679923,9.28241839276459,-0.257366077642812,11.6433449653253,-3.93225055749625,49.6688417161071,-2.62242222208067,9.52742137883951,1.57194499971554,26.0304752794698,18.9351383243233,-59.5348956203279,2.12191306456267,7.56868164401606,0.833519026536683,7.74926269802948,-35.9713251616518,137.251416367858,-4.13971449847215,1.91887851876908,1.01260193953175,36.7006835874014,2.55198384600599,-78.6306897031464,19.5385228308295,5.01198537551653,-5.25189036122371,42.7364902484548,-27.4747238019463,200.101915878411,638.744623621996,0.183890536834462,-0.0169243342238268,0,0,0
65.215,-13.6414523810185,71.5488107814159,82.6186171687648,-35.3536805159616,130.628776730105,145.02198136077,-29.7353067089556,-132.644682530029,-142.750247845794,-82.8382760732368,-206.024930951957,-289.416375013032,2.58781787584432,7.43523781992718,0.312601488098188,7.37981517299463,-10.7181520614257,-80.9240839091847,-1.58763507948576,9.02020128427788,-0.301700440266764,12.2204353223148,-4.47122007706175,48.377968468269,-2.72959065281392,9.32342507428135,1.50443833565746,26.0044959965521,17.8421647195178,-60.5333196808983,2.10558826087694,7.4144222706454,0.796575705176605,6.91267756951762,-39.3476520621932,134.683117103174,-3.71319267692043,1.74276986783371,1.14739705035825,39.8966350103506,1.95814426230765,-61.186253979893,20.4524109244462,3.81640951001042,-4.9407001729879,52.5297957979824,-23.7086580336984,218.005003633208,615.891297953835,0.184426990894123,-0.0165617268912461,0,0,0
65.22,-13.2927263653214,69.7452031394667,79.7625219684786,-34.713801314437,127.975840305019,141.610690033509,-30.3878999811582,-130.518654440638,-140.475484504429,-83.7668859082543,-185.721967003665,-272.321912716253,2.54910999007004,7.28677703342756,0.27499585281818,7.64726899401834,-11.422023716167,-79.6534540875461,-1.60753119595492,8.75448805289255,-0.327842551404997,12.790469110496,-5.03382309759005,47.0815478346801,-2.82883732645844,9.11533941412193,1.4520420260445,25.9536401207829,16.6296402404879,-61.1614828047026,2.09588139505908,7.25064487551987,0.757947883302486,6.01382881285895,-42.5679295178534,132.152948302057,-3.31460956147902,1.58326607871587,1.27305176221004,42.9657621497877,1.3587283482523,-43.1674810739054,21.1715266166134,2.6388816747196,-4.55854531317801,61.6141211742557,-20.0869133233867,234.806868087113,593.76855856038,0.184963460906062,-0.0162072204187389,0,0,0
65.225,-12.9520712625416,68.1310205560278,77.129839307568,-34.0863283829632,125.494586294883,138.330966368667,-31.02992184922,-128.404373612477,-138.216930829142,-84.5915001902952,-164.922856408341,-254.391515265115,2.50315755642154,7.13216749236536,0.243930464083793,7.90042433564791,-12.1494184464691,-78.5542404779197,-1.63017675032681,8.48884571628198,-0.33672134537353,13.3519319465492,-5.63425380259786,45.7830962637474,-2.91863296404115,8.90606093549751,1.41305317262371,25.9039046806704,15.3083591088429,-61.4016353926892,2.0931016067794,7.07702778196702,0.717120260163459,5.07391094083969,-45.5842056126437,129.640365344836,-2.94660158407713,1.43583501492664,1.38713391330206,45.8588139434947,0.754054787751193,-24.6768333067281,21.693388143319,1.49842898450446,-4.11032675239556,69.9528635923524,-16.5730713270016,250.394663313126,572.458077468018,0.185499589930002,-0.015867078102894,0,0,0
65.23,-12.6186199183209,66.6902688440186,74.7219410428336,-33.4704263874315,123.180399106099,135.199674961692,-31.6613629033998,-126.288210835706,-135.980089465041,-85.3100571198244,-143.711385905542,-235.696218577636,2.45155477255043,6.97303959293848,0.219695851063833,8.13116253590682,-12.9124362558443,-77.6176179576196,-1.65256259274199,8.22667571515338,-0.329668268301725,13.9039048760062,-6.28678859015001,44.4849568599975,-2.99797784138485,8.69844294296406,1.38552323959015,25.8832707517236,13.8905618061155,-61.2411207593487,2.09758555902391,6.89333726761864,0.67360546087544,4.11441786056371,-48.3515037153592,127.121077293699,-2.61128791769539,1.29641906347741,1.48754389047484,48.5284358973583,0.14349377059034,-5.82441837698582,22.0177723934435,0.414656208010561,-3.60238504835546,77.5280370262817,-13.1253515378017,264.661389669953,552.011471697072,0.186032484209484,-0.0155451308685226,0,0,0
65.235,-12.2915905714459,65.4058693750555,72.535559831071,-32.8653017253498,121.024932416454,132.229054000229,-32.2821273364524,-124.152886610634,-133.766520823346,-85.9209342161365,-122.175419262533,-216.309984234406,2.39604546401109,6.81118769611874,0.20244267623824,8.33252706923597,-13.7233973709856,-76.8324962412566,-1.67205510689722,7.97115026492925,-0.308317244792605,14.4459670227067,-7.00526244194966,43.1882389739911,-3.0663930849302,8.49522038321598,1.36741432065617,25.9211341919153,12.3899589176987,-60.672465907721,2.10967496463258,6.69942411625145,0.626959262597179,3.15658619075076,-50.8284466458434,124.567869511811,-2.31038319597492,1.16152914695481,1.57252313169415,50.9300266863866,-0.473934708411231,13.2724769280394,22.1464191331287,-0.592823383001183,-3.04235081940548,84.3383726806113,-9.69773570982476,277.507332112559,532.467722441463,0.1865587003341,-0.0152415689457435,0,0,0
65.24,-11.9702879725036,64.2605197885095,70.5633607485958,-32.2702188553843,119.016573993207,129.426730228329,-32.892016745728,-121.977881855239,-131.573751730624,-86.4229704556663,-100.407247906054,-196.309774046852,2.33846942716184,6.64852076200161,0.192180949741506,8.4988623345884,-14.5942799185496,-76.1860423478977,-1.68644806320973,7.7251631033263,-0.274510412735836,14.9780604230624,-7.80255493956747,41.8927910811996,-3.12388819790048,8.29894788345508,1.35673612083709,26.0476315010485,10.8217238696608,-59.6933222087189,2.12968980939857,6.49522473564827,0.576795091635029,2.22086921060563,-52.9778523945981,121.951515484592,-2.04530585581002,1.02828097072534,1.64064876762662,53.022568083223,-1.09894527296209,32.4899756801754,22.0826584154104,-1.505001368858,-2.43898637689571,90.3971052692522,-6.24140747449305,288.841496327919,513.870537748765,0.187071441898444,-0.0149551206292493,0,0,0
65.245,-11.6541003641356,63.2375216734807,68.7946160266465,-31.6845139980587,117.140971464893,126.795837859252,-33.490716490427,-119.739948939567,-129.395282640699,-86.8154899029896,-78.5038894645129,-175.775711505873,2.28070911061728,6.48701705441563,0.188781940982822,8.62588895333094,-15.5361574380578,-75.6642186786372,-1.69399754201194,7.49129527465833,-0.230214813762553,15.5003299746707,-8.69009758787843,40.5972113018902,-3.17090993322336,8.11195323826115,1.35165524547881,26.2928766757866,9.20244835204432,-58.30626838904,2.15789982909651,6.28076782270819,0.522798047041808,1.32645835767081,-54.7672957149493,119.241746721448,-1.81727175917779,0.894394185617635,1.69081918237506,54.7694196300082,-1.73138429973722,51.6983292052958,21.8309880651931,-2.30409124996039,-1.80202458806577,95.7295456331419,-2.70650810907045,298.583002575383,496.281789496754,0.187564526427518,-0.0146834040599764,0,0,0
65.25,-11.3424926246041,62.3215479063573,67.2159576584185,-31.1076059798525,115.38160364134,124.335236530862,-34.07778504942,-117.413711798712,-127.220698307772,-87.0983263819478,-56.5672957916863,-154.791309192732,2.22463751136338,6.32868403202067,0.191982628760833,8.71072391636971,-16.5586560112479,-75.2523185512897,-1.69344060805633,7.2717958055921,-0.177453124366768,16.0129530761962,-9.67741337509694,39.2988977739571,-3.20827789668521,7.93630710547365,1.35057209489103,26.6861302625845,7.5500553529921,-56.5184943078651,2.19449707410373,6.05618710212781,0.464738544357396,0.490865301888378,-56.1696274925963,116.408248249428,-1.62736715107137,0.758162328277931,1.722235231184,56.1390680661078,-2.36967326060283,70.7627702051379,21.3966311786144,-2.9741249661398,-1.14201021145754,100.370535435201,0.955814181663051,306.662404284253,479.787451585965,0.188030305157576,-0.014420234955721,0,0,0
65.255,-11.0349960017892,61.4993245630421,65.8121806288345,-30.5390040754433,113.720380881957,122.039820837762,-34.6526467525278,-114.972340621667,-125.035883841697,-87.2718485470563,-34.7044330217276,-133.443736185387,2.17206805108296,6.17552388910007,0.201392528592561,8.75185543604274,-17.6694496136996,-74.9354822913058,-1.68400805582189,7.06859293946819,-0.118249371337316,16.5159736890833,-10.771698966408,37.9941389691257,-3.23712097505752,7.7738244369984,1.35216896101356,27.2549258325348,5.88366611644355,-54.3413894938056,2.23957241110202,5.8217401348572,0.402485420255657,-0.270426368040636,-57.1634412259435,113.421647412048,-1.4765969711352,0.618403083046211,1.73438121534306,57.1058196109504,-3.01033371003293,89.5445042868854,20.7851088103625,-3.50150714401037,-0.470146852813941,104.361872475323,4.79111090462892,313.02290708997,464.494288865022,0.188465965679402,-0.0141615056135471,0,0,0
65.26,-10.7311949756814,60.760205221438,64.5670684198866,-29.9783127885161,112.138257385222,119.900911616231,-35.2145881715305,-112.388283800319,-122.823344846118,-87.3369845413456,-13.027198857839,-111.824095366521,2.12470714494647,6.0295046503913,0.216502728260283,8.74908256509437,-18.873810595104,-74.6991785338424,-1.66543481012918,6.88334191604031,-0.0545887096751013,17.0091542781152,-11.9774595425095,36.678242108398,-3.25882239045943,7.62610267114391,1.35543354448397,28.0241816407888,4.22341882451628,-51.7900648519459,2.2930985427144,5.57783263069914,0.336018045369327,-0.944234578619262,-57.7334735810447,110.254465300336,-1.36590649562494,0.474399078717964,1.72700871391952,57.6504208266982,-3.64762909592205,107.901841738013,20.0018655795909,-3.87550867549039,0.201850327593872,107.749786445609,8.83917329426161,317.621472732718,450.519057669338,0.188868228263054,-0.013899938841722,0,0,0
65.265,-10.4307118808173,60.0966189728701,63.4642122472737,-29.4252335978461,110.615838134085,117.906717068747,-35.762758359339,-109.634037561794,-120.56262699934,-87.2952452742674,8.3478534156503,-90.0276775476865,2.08411016440674,5.89253630831201,0.23669694677496,8.70342875318743,-20.1742300643275,-74.5296371661762,-1.63788634546174,6.71736118772773,0.0116109026821998,17.4918565990296,-13.2962059306764,35.345696199171,-3.27489704077814,7.49445163692295,1.35962415626137,29.0153262221157,2.590238273123,-48.8828389625639,2.35492158312032,5.32504715228516,0.265436719044958,-1.51987537093012,-57.8709241903923,106.882002909379,-1.29617612503553,0.325839050850527,1.70012517445333,57.7605911215485,-4.27335562738203,125.691469114009,19.0519852193705,-4.08868467457499,0.861899617317465,110.582535414313,13.1315099069017,320.429799886052,437.973078523605,0.189239705387753,-0.0136301500268523,0,0,0
65.27,-10.1331899931324,59.5043775370418,62.4877961614618,-28.8795637796061,109.133963648111,116.042850056156,-36.2961730201016,-106.682932152613,-118.230827109404,-87.1487452299348,29.3000088665291,-68.1541576432762,2.05164150170662,5.76645124486389,0.261264407303696,8.61703684468314,-21.5701204661708,-74.4142222737354,-1.60187113367737,6.57156429214352,0.0785186266052093,17.9629589284341,-14.7262231561538,33.9903649343072,-3.2868656253951,7.37982091527228,1.36421538472834,30.2454661494166,1.0055571908507,-45.6407217517003,2.42476244972245,5.06417461221424,0.190970420762867,-1.98928343935158,-57.5736789896309,103.283137706652,-1.26819078062233,0.172767830262191,1.65398793674174,57.431447319879,-4.87680854022561,142.769857332137,17.9400288098318,-4.13720479323579,1.49770253431645,112.908183488419,17.6888886687914,321.435179535036,426.950444274244,0.189584668791059,-0.013344286872103,0,0,0
65.275,-9.83827583607229,58.9828314119089,61.6233216553493,-28.3411924965739,107.674256606226,114.292886512281,-36.813722583254,-103.509912630281,-115.803184497635,-86.9002196285068,49.7051202855209,-46.3076978880342,2.02843944132313,5.65298810778549,0.289414276938973,8.49305096606411,-23.0576098466232,-74.3417355085225,-1.55826103486968,6.4466067728457,0.144405735287281,18.4208134858227,-16.2624186739033,32.6057037584375,-3.29624849771321,7.28293501068802,1.36888984471991,31.7266223018083,-0.50900885448589,-42.0869279232146,2.50222838282075,4.79624657905871,0.112980913365499,-2.34705950902273,-56.846421699523,99.4410103834951,-1.28258680305097,0.0155514256026321,1.58910325187609,56.6657985759663,-5.44494128340976,158.994799350898,16.6700205815199,-4.02108585352284,2.09690839414844,114.772610290982,22.5190861182232,320.641225228654,417.523898942209,0.18990769763411,-0.0130381763096246,0,0,0
65.28,-9.54560148684807,58.5348698448974,60.8582477035122,-27.8100944179134,106.219615732201,112.638948991824,-37.3141840445767,-100.092292264638,-113.253738675001,-86.5530367175944,69.4365821825278,-24.5969243675907,2.01538651298816,5.55377839544379,0.320291372381667,8.33548870240527,-24.6294342649752,-74.3026424582917,-1.50826849848128,6.34299032076316,0.20765885591728,18.8632439240334,-17.8962571567163,31.1849947768933,-3.30453550047186,7.20438293641926,1.37351376735258,33.4650580242721,-1.9320297614789,-38.2464503903554,2.58683387349321,4.52256615071729,0.0319622595422188,-2.59044904485982,-55.7006197221823,95.3435858425845,-1.33978046907936,-0.145139298926345,1.50622896827585,55.4742887997584,-5.96272375652743,174.227066103221,15.2455951155344,-3.74431760714266,2.64730521010208,116.217793259205,27.6149932828625,318.068477890643,409.749270262617,0.190211670670315,-0.0127087423548575,0,0,0
65.285,-9.25476766449099,58.1667644714691,60.1825251413886,-27.2863211975755,104.754644067672,111.062298876059,-37.7962363312317,-96.4104573310873,-110.556036799253,-86.1112039705348,88.3665494120131,-3.13474593891776,2.01308592608825,5.4703352106132,0.352992762724472,8.14910527526963,-26.2749315712286,-74.2892168550934,-1.45334872420133,6.26105214735894,0.266794009010647,19.2875792884449,-19.6157866955757,29.7215927978142,-3.31309487393868,7.14459405233053,1.37808628906731,35.4607188524386,-3.24266792387317,-34.1457200732726,2.67802927090138,4.24473504372569,-0.0514649727592393,-2.71925797394595,-54.1543737605452,90.9840767282237,-1.43988328441927,-0.308325886074168,1.40637894378976,53.8753642849996,-6.41369243476383,188.332164189187,13.6703062247467,-3.31487234588291,3.13704800436233,117.280394286725,32.9532234346332,313.75488071328,403.674671474907,0.190496926553241,-0.0123551188051216,0,0,0
65.29,-8.96532835666145,57.8878615657964,59.5890078889438,-26.769991193568,103.266000801297,109.543920744422,-38.2584788494857,-92.4485036506159,-107.683872450518,-85.579367017112,106.367390684342,17.9620110866512,2.02184454997109,5.40404391576062,0.386584826107358,7.93925038391281,-27.9801363744723,-74.2955998074723,-1.39511736543829,6.20098996238364,0.320472365738436,19.6907181275298,-21.4057585637634,28.2091755949456,-3.32310820701191,7.10384601761449,1.38270716914453,37.7067994168291,-4.42111807399799,-29.8123729620313,2.77523448248148,3.96467459558833,-0.136565195432159,-2.73571203273452,-52.2321247746916,86.3612218849717,-1.58261010158277,-0.472703000998821,1.29082692709676,51.8950469047754,-6.78067099137027,201.182173092828,11.9480828202828,-2.74458857380045,3.55493269137755,117.990672816398,38.4933510640907,307.756112277134,399.347141857452,0.190762492184216,-0.0119814763020765,0,0,0
65.295,-8.67677769273731,57.7101327848797,59.0737276292137,-26.261277853259,101.7426680619,108.065082868174,-38.6994527869841,-88.1947874997699,-104.612035931096,-84.9628002309667,123.313357229186,38.5731734434631,2.0416627019918,5.35615469835743,0.420120250995744,7.71171811166008,-29.7279725619362,-74.3177736279295,-1.33527176059276,6.16289888534101,0.367517537755027,20.0692147380634,-23.2478393692975,26.6419913954681,-3.33551875087817,7.0822816559407,1.38755811178469,40.1894491859739,-5.4490723526941,-25.2751385671956,2.87787460324788,3.68463858940508,-0.222504928017832,-2.64426715239372,-49.9642171985069,81.4794159402831,-1.7671868600033,-0.636607712239992,1.16110760939284,49.5664984099577,-7.04662606256453,212.657633655503,10.083801944277,-2.04891880957458,3.89071819894013,118.371738275427,44.177884262477,300.14575635558,396.812760305059,0.191004195068171,-0.0115963823024252,0,0,0
65.3,-8.3885396984651,57.6475988544937,58.6360230474386,-25.7603972210231,100.176126447266,106.607858670855,-39.1176646687898,-83.6423763611997,-101.317055646854,-84.2673880455374,139.082437085985,58.5760106323635,2.07223075760504,5.32777727559302,0.452654432443908,7.47259083755603,-31.4985363347603,-74.3534521981077,-1.27551051865548,6.14680548264542,0.406932909224189,20.41937898203,-25.1209106752814,25.0150965832952,-3.35098631782745,7.07992093933486,1.39289278397166,42.8876253291543,-6.31020096925937,-20.5638562605715,2.98541410309035,3.40721616813446,-0.308375073621733,-2.45137905650135,-47.3863232703926,76.3486896920202,-1.99226531201832,-0.797984399434287,1.01901271415775,46.929369095816,-7.19561040318656,222.649453602718,8.0839353291294,-1.24653277977173,4.13549171292189,118.439146139312,49.9330360514377,291.015276424812,396.108896082428,0.191219191004935,-0.0112111208074337,0,0,0
65.305,-8.09996147545692,57.7156446015245,58.2785194825014,-25.2675950438991,98.5604354246028,105.155595287252,-39.5116116095864,-78.7893881591825,-97.7779101933446,-83.4995962636103,153.558356385121,77.8462499837124,2.11293235442696,5.31987809380141,0.483260720085357,7.22807929585735,-33.269459613959,-74.4018921301243,-1.21745444629915,6.15269800869193,0.437916501607272,20.7373817134048,-27.0014473360874,23.3245766385985,-3.36985020175664,7.0966680775125,1.39903183007935,45.7730985112734,-6.99063643101461,-15.7096181039396,3.09738637264158,3.13532356536107,-0.393217435803149,-2.1652409761054,-44.5387394216597,70.984544130584,-2.25585238083287,-0.954353438693588,0.866580290717937,44.028934122689,-7.21373612150995,231.060790533636,5.95721478478167,-0.358770758854959,4.28206267519929,118.200834243966,55.670316740008,280.473753622706,397.250362770981,0.191405938523099,-0.0108378725256646,0,0,0
65.31,-7.81031024083833,57.9302469237713,58.0069596825374,-24.7831339586393,96.8922170520649,103.693316980639,-39.8798076641363,-73.6392109100423,-93.9766915389072,-82.6664328587687,166.632680968469,96.2593145333711,2.16285377189429,5.33328038695135,0.511044038440902,6.98436255221959,-35.0163410501288,-74.4636312342895,-1.16257193977459,6.18055219355039,0.459870311495461,21.0193594487555,-28.8639622544703,21.5677434134451,-3.39210196615327,7.13231417377044,1.40635753521106,48.8106158933635,-7.47944685482949,-10.7450290447928,3.21341590991675,2.87218388269006,-0.476054225072912,-1.7954990147425,-41.4655714473357,65.4076438023506,-2.55526165736718,-1.10279193099758,0.706075745600011,40.915032489643,-7.09011503096371,237.80886840429,3.71525474545259,0.591051645343676,4.32536168791869,117.657389067468,61.2889221045171,268.647340597223,400.216820089879,0.191564829437135,-0.0104857186861826,0,0,0
65.315,-7.51877454237882,58.3071396919551,57.8298911239984,-24.3072812396358,95.1705438007763,102.208053081337,-40.2208106544957,-68.2005980719334,-89.8992011185174,-81.7753980329105,178.20696517181,113.691772119736,2.22079895209856,5.36866733974825,0.53515252298694,6.74743341744214,-36.7132298892326,-74.5401629781071,-1.11211192078099,6.23035211986118,0.472401035906598,21.2615142208995,-30.6815023352531,19.743302003741,-3.41737012936935,7.18653625613213,1.41530213873563,51.9582246819857,-7.76908173184497,-5.70456809545727,3.33323113474771,2.62129464079611,-0.5559190434041,-1.35295508961146,-38.2138302411602,59.6433779689652,-2.88709389369235,-1.23993418445032,0.539963563580285,37.64083618375,-6.81770216597741,242.826680577332,1.37306832313724,1.57847584451166,4.26281229239062,116.802624944264,66.678844012232,255.678381716604,404.9473201616,0.191698117515099,-0.0101587764143307,0,0,0
65.32,-7.22446983627272,58.8609412212736,57.7582198847801,-23.8402975716421,93.3967335988289,100.689082223486,-40.5332488458396,-62.4876382688384,-85.5354626467271,-80.8344235841864,188.194889744984,130.022974990548,2.28530958988319,5.42658835374835,0.554786993533836,6.52295638119997,-38.3331466860954,-74.6335576785591,-1.06704713520169,6.3021058537967,0.475309619077902,21.4602071992333,-32.4261783429791,17.8514807729749,-3.44491862998697,7.25889370858912,1.42632422835852,55.1677587740219,-7.85577210236836,-0.625027431171943,3.45666669491816,2.38638330279551,-0.631887687300927,-0.849267398687212,-34.8324638739202,53.721300781067,-3.24727470131061,-1.36214597999216,0.37086833428996,34.2614892628065,-6.39398252365707,246.064531287102,-1.05066580700655,2.57872105811351,4.09464301297624,115.624452020645,71.7245840174129,241.724153371546,411.350370864793,0.19180896542899,-0.00985636848970994,0,0,0
65.325,-6.92644848185857,59.6042708827143,57.8046452109001,-23.3824272838584,91.5740575565635,99.1280869240017,-40.8158468529297,-56.5196014179152,-80.8801379308014,-79.8518019451623,196.524327804446,145.136860397468,2.35468975382926,5.50746806064231,0.569208305826089,6.31614620903212,-39.848624381227,-74.7460430410738,-1.02803014883907,6.39585554135743,0.468568087535309,21.6120472433517,-34.0697103627946,15.8941185827757,-3.47366045004022,7.34882320646533,1.43986909476506,58.385489960792,-7.73986666833558,4.45399962472234,3.58365513833852,2.17135141516608,-0.703107107731105,-0.296657920906255,-31.3713544712427,47.6744645143691,-3.63116756828329,-1.46584739062639,0.201525840888596,30.832667344108,-5.82144999562172,247.491368076239,-3.53363547357209,3.56748676627679,3.82410274424275,114.106001265487,76.309309663648,226.955187172105,419.328311004252,0.191895858448063,-0.0095728806446278,0,0,0
65.33,-6.6237140731102,60.5468817497288,57.9829925634968,-22.9338904427477,89.7073682222148,97.519214919666,-41.0674501853543,-50.3206664849702,-75.9328348129813,-78.836105561886,203.139276655435,158.923874509106,2.4270345761216,5.61161731456971,0.577742863786966,6.1316756326441,-41.2322536116894,-74.8795582501332,-0.995363688850645,6.5116816733441,0.452283588037657,21.7139776892219,-35.5839707536521,13.8747040561554,-3.50218695825336,7.45563321903424,1.45631124664192,61.5529434715356,-7.42608600746318,9.48961580290839,3.71420888136273,1.98020842780917,-0.768821015103201,0.292364496885739,-27.8803095189267,41.5386627383024,-4.03359034240604,-1.54699182738973,0.0347283597832047,27.4091159337263,-5.10784063147546,247.095860472251,-6.04968179023868,4.52250873817591,3.45750704745213,112.226967580138,80.3192610214346,211.553153987502,428.807332441972,0.191955576502839,-0.00930220121423186,0,0,0
65.335,-6.31523989364584,61.6948358929292,58.3074659916478,-22.4948771500336,87.8026585429022,95.8590461168348,-41.2870478797541,-43.9195388800032,-70.6982994820895,-77.7960975903623,208.001594304936,171.282974821201,2.50026263097156,5.73924498927654,0.579786799910291,5.97361988047984,-42.4572172807619,-75.0352970011445,-0.968986141992056,6.64970119785935,0.426651239647537,21.763366000812,-36.9415078799808,11.7983627834962,-3.52881250994134,7.57849903208475,1.47588023106495,64.607875059183,-6.92367868923619,14.4351402225996,3.8483943594138,1.81699663201486,-0.828390895170139,0.905258371849841,-24.4080768088767,35.3516029662629,-4.44879159821459,-1.60053097154902,-0.126739924787202,24.0432301877176,-4.26609873996964,244.887184835982,-8.56876681536411,5.42508020280465,3.00410833399887,109.965125622464,83.6481942303223,195.708307657811,439.760556590226,0.191982445567386,-0.00903797309721277,0,0,0
65.34,-5.999991153246,63.0497480798457,58.7918430900143,-22.065544330473,85.8665639119511,94.1464664791498,-41.4737927188676,-37.3489678226167,-65.1864886476952,-76.7406351770834,211.092482655375,182.123660385607,2.57215168489505,5.89046906552057,0.574809500212308,5.84544406048973,-43.4978012217843,-75.2132554968284,-0.948472095857284,6.81005915178397,0.391899143542845,21.7581011884922,-38.1160363564905,9.67178978456542,-3.55163273637316,7.71645911966295,1.49857412872346,67.485403064142,-6.24646554977773,19.2396922756694,3.98630096522959,1.68570898443063,-0.881311563550637,1.52967594154125,-21.0014102918725,29.1520307271454,-4.8706989819765,-1.62125011928569,-0.280173540333626,20.7837383603682,-3.31407244047464,240.895481750791,-11.0579888449769,6.26034445200185,2.47584385633252,107.297967720579,86.2016414445382,179.616512674229,452.211579548034,0.191969182482269,-0.00877727140183815,0,0,0
65.345,-5.67695054257277,64.6081221347053,59.4486375359176,-21.6460152227254,83.9058215496027,92.3824526447021,-41.6270185979833,-30.6451758231725,-59.4125203381683,-75.6785668546543,212.413664486007,191.367974873392,2.64037754912119,6.06532527077634,0.562357235686803,5.75003666773237,-44.3298700473131,-75.4118013992959,-0.933046877711983,6.99291352182037,0.348230434009555,21.6967029655314,-39.0828827613746,7.50312624024873,-3.56859392235954,7.86841360923363,1.52406817619249,70.1192837174465,-5.41276140837012,23.8478803543554,4.12800778862088,1.5902018618088,-0.92722079069043,2.15365865258052,-17.704210822355,22.9788289547177,-5.2931998437752,-1.60434868293915,-0.423020088196786,17.6745461599815,-2.27395350426955,235.171960246436,-13.4827104573167,7.01764733657005,1.88690653372711,104.20440928164,87.9007734304013,163.475908263941,466.219056154458,0.191914510958143,-0.0085207585881939,0,0,0
65.35,-5.34514653217685,66.3608020792448,60.2882552414805,-21.2363817080769,81.9267029297626,90.569773477584,-41.7462546672346,-23.8472138502775,-53.3965052473306,-74.6186258130618,211.988208318692,198.952424931164,2.70255580730683,6.26377146904505,0.542057642576075,5.68978892074218,-44.9312997556839,-75.627278987238,-0.921613196148864,7.1984131572269,0.29576839068689,21.5784445180803,-39.8193794319437,5.30178146700066,-3.57757005219605,8.03312557595146,1.55162847149424,72.4433113422499,-4.44516681378024,28.1996358306372,4.27355126062513,1.53410501272639,-0.965902943247954,2.76580108583647,-14.5567614797533,16.870117956968,-5.71029955532976,-1.54536223257332,-0.552957704270298,14.753789813465,-1.17149307814653,227.788632199653,-15.8074549419918,7.69118468585553,1.25313576810096,100.666504349292,88.6856718368964,147.483289674743,481.848838233254,0.191816430024593,-0.00827257342441712,0,0,0
65.355,-5.00368374510274,68.2925574146886,61.3181704970573,-20.8367095282882,79.9344359576001,88.7126170609449,-41.8312359513994,-16.9962568329352,-47.1632635118319,-73.5693209938748,209.860963837,204.829755616956,2.75628622765656,6.48568612158997,0.513625663158237,5.66671551971324,-45.2823611710819,-75.8536643494977,-0.912787308373694,7.42666875969175,0.234511194495028,21.4034876984852,-40.3052027071663,3.07820326842139,-3.57644362277978,8.20922598375793,1.58004226302503,74.3928173336331,-3.37022568983794,32.2302299289772,4.42289660407283,1.52073113621221,-0.997286983661863,3.35538476448813,-11.595072219997,10.8623818359177,-6.11631665219571,-1.44028699520436,-0.667967464333553,12.0531326291491,-0.0350387791802645,218.837670013897,-17.9970271277472,8.28018090709592,0.59130855726126,96.671112381516,88.5178514981939,131.83031332905,499.145027566276,0.191683179288978,-0.00803412073731469,0,0,0
65.36,-4.65177465229535,70.3818185615419,62.5421481252915,-20.4470463577765,77.9326341023973,86.816153763829,-41.8819102258823,-10.1348548965767,-40.7419344761172,-72.5388280920646,206.09858036222,208.970525973467,2.79919967659491,6.73085946241383,0.47687132263031,5.68260813973391,-45.3660506362812,-76.0822824377733,-0.904857293027051,7.67776185609314,0.164303541053799,21.1730257486754,-40.5226554838212,0.843602074102094,-3.56310379096871,8.39527127103383,1.6075749477498,75.9062333716886,-2.21794771839335,35.8705064303068,4.57591554113718,1.55298761988329,-1.02143951092178,3.91248503981334,-8.85034346280856,4.98964693243102,-6.50608060381043,-1.28575105718546,-0.766397856591649,9.59732441042089,1.10555134654651,208.430390737329,-20.0177006974981,8.78869604837216,-0.0816211763136596,92.2114569497272,87.3819167124958,116.699653250394,518.108947400554,0.191525511523043,-0.0078020628383042,0,0,0
65.365,-4.28877177902607,72.6005746539224,63.959536623134,-20.067432609113,75.9227497327708,84.8860478958325,-41.8984410067139,-3.30615616633042,-34.1654893409361,-71.5348826330884,200.789091795415,211.364430998864,2.82900730333464,6.99897654734635,0.431709393303662,5.73920894801388,-45.1683664058311,-76.3015953176376,-0.895362020395604,7.95194245268905,0.0848332804927777,20.8894247517702,-40.4568969026864,-1.39036346126638,-3.53506458285443,8.59001343241411,1.63195791640424,76.9266759940841,-1.02119676326402,39.0473565058932,4.73237203808004,1.63329300284281,-1.0385537748409,4.42805542431804,-6.34855324855517,-0.717263418050593,-6.87510753605741,-1.07916880859888,-0.847017724348648,7.40402661597916,2.22005700262132,196.69587973352,-21.8383603564523,9.2251076594497,-0.749276104910455,87.2885180210271,85.2862861138645,102.261249476192,538.692903908616,0.191362384088903,-0.00756961381936794,0,0,0
65.37,-3.91419957079176,74.914441646717,65.5646555657388,-19.6979147668925,73.9035684439699,82.9279320406735,-41.8812065922126,3.44688290025532,-27.4701585623667,-70.5646773179744,194.041063022434,212.021321327273,2.84355164129538,7.28959201412028,0.378170611930494,5.83838809613848,-44.6785307995436,-76.4970681385151,-0.881726574888214,8.24925642590075,-0.00435447803328935,20.5563513822945,-40.0961241467068,-3.61192963162422,-3.49010611166902,8.79206420041819,1.65044570088488,77.4035022645124,0.185051387690497,41.6844534783756,4.8919170168837,1.76350067635494,-1.04893572880244,4.89399425615314,-4.11016814110838,-6.2313758088292,-7.21973774701448,-0.818873035922472,-0.909054231277698,5.48389017012189,3.27904409713722,183.7792765106,-23.4315234233401,9.60129479540323,-1.39653947103982,81.9122018994195,82.2629746643468,88.6687934791499,560.804663862662,0.191212175749957,-0.00732157692715951,0,0,0
65.375,-3.52778505038282,77.2829040818587,67.3462982158164,-19.3385609659898,71.8707601805995,80.9468593773727,-41.8307951734138,10.0822837597568,-20.6947874574134,-69.6347657949742,185.982304600212,210.971878685132,2.84085907972826,7.60209718355215,0.316413708276554,5.98230688199846,-43.8891593393722,-76.6511163690696,-0.862503144122278,8.56888155883841,-0.103814163992052,20.178871671796,-39.4317125854847,-5.80958809702868,-3.42751444913156,8.99927494740145,1.65994591834156,77.2937807026004,1.36457695735463,43.7032551336111,5.05409201380035,1.94483218678279,-1.05298819925317,5.30319844492948,-2.14997436902983,-11.530096524551,-7.53723522772163,-0.504216117215182,-0.952213183757517,3.84085869974058,4.25495509373534,169.839754024574,-24.7741893622334,9.93158805060819,-2.01011702966723,76.1022368891819,78.3664742295119,76.0565902691827,584.316258970976,0.191096843769271,-0.00704267656847701,0,0,0
65.38,-3.12948640540636,79.6597289953653,69.2873673687235,-18.9894784583716,69.8165015237104,78.9467501094031,-41.7479961091235,16.5598128580777,-13.8801346856321,-68.750974923556,176.758174283798,208.267913436157,2.81919292173351,7.93568097404121,0.246737127520745,6.17354742130987,-42.7963788541141,-76.7431349440026,-0.836484383038474,8.90960396315032,-0.214127796669688,19.7635038783816,-38.4583208327801,-7.97245073285969,-3.34723806383421,9.20935458273743,1.65714425048616,76.5636187994158,2.48090288215208,45.0242697268055,5.21834083781471,2.17782226517127,-1.05119417151254,5.64960835753866,-0.477022947962586,-16.5956092320918,-7.82585242196172,-0.135632052111337,-0.976680134693519,2.47265887951166,5.12309002037646,155.048230440818,-25.8484833408157,10.2315721234346,-2.57893949919168,69.8887485456177,73.6718220752137,64.5369221346139,609.067608028886,0.19102814867123,-0.00672199307501042,0,0,0
65.385,-2.71951867802394,81.9935454763257,71.3646590225915,-18.6508325497354,67.7291817271025,76.9298484949982,-41.6337875392999,22.8417139646793,-7.06812914049129,-67.9183274475578,166.529495199313,203.982260003817,2.77710598095006,8.28928691933565,0.16958903474708,6.41519042567894,-41.3998969944858,-76.7496074007032,-0.801746224817436,9.27028996864819,-0.335812481253376,19.3182084982457,-37.1739667923075,-10.0906054220754,-3.24895464107693,9.42046811678845,1.63866897685934,75.1892891949011,3.498390794038,45.5685695980771,5.38402748857243,2.46227738676213,-1.04410005326371,5.92824679543785,0.90531923578359,-21.4151302298075,-8.08482528420111,0.285331415811413,-0.983101998983164,1.37143230990232,5.86243674113072,139.584858764914,-26.6420476680858,10.5168123667217,-3.09437841713317,63.3124764001406,68.2719859561633,54.198016054083,634.861642583937,0.191012165474602,-0.00635412565366789,0,0,0
65.39,-2.29837578550607,84.2285785036494,73.5488045643462,-18.3228665343142,65.593203084299,74.8962068925563,-41.4893205870009,28.8933904598274,-0.301101339694894,-67.1409767931884,155.470130874021,198.208256360207,2.71349137327939,8.66156929912511,0.0855740123907364,6.71082512900499,-39.7030258277303,-76.644291070781,-0.756104471414674,9.64959795806974,-0.469202105765869,18.8523001801834,-35.5800795788622,-12.155449341765,-3.13251858541044,9.63102743523536,1.60133893677131,73.158101553299,4.3834330511753,45.2595240302731,5.55045799181813,2.79724927137645,-1.03229960038594,6.13525366895803,1.99922123189228,-25.9810158641641,-8.3143000563053,0.756009041931644,-0.972550255245032,0.524460315554644,6.45632055799659,123.636344798769,-27.148181535328,10.8016027797907,-3.55027383826921,56.4246046695409,62.2747226814615,45.1026875567155,661.454322679009,0.191041576187987,-0.00594889400707999,0,0,0
65.395,-1.86684818001953,86.3055210973872,75.8043778955869,-18.0059221138345,63.3888840960034,72.8432127135251,-41.315900473646,34.6840226710202,6.37899430572573,-66.4221554597089,143.764266696044,191.058804759076,2.62762982193815,9.05085194303482,-0.00454517314259326,7.06447947062674,-37.7126621474244,-76.3984730484851,-0.697410855043057,10.0457997644765,-0.614321475810895,18.3762698053903,-33.6815303995487,-14.1599871489432,-2.99825260955522,9.83960460837796,1.54242996203434,70.4689765208527,5.10572232411245,44.0247113677969,5.71690342768173,3.18102428638681,-1.01641899574879,6.26791658590054,2.8121516232495,-30.2907219202764,-8.51523378787033,1.27265634131298,-0.946468143848523,-0.0850658192184499,6.89285522881571,107.393147452928,-27.3657766578201,11.0978551634502,-3.94280114322598,49.286192767855,55.799082635741,37.2877007177605,688.549118467379,0.191098787151016,-0.00552471341570282,0,0,0
65.4,-1.42603555687271,88.1625246291932,78.0901693952526,-17.7004597556788,61.0924716310214,70.7651732410623,-41.1149649439035,40.1871059484184,12.9313498997952,-65.7641381829403,131.603455353464,182.665022119762,2.5192314425102,9.45509358487911,-0.0998522246843945,7.48046412294666,-35.4392267351411,-75.9812909833378,-0.623582207021377,10.4567597888753,-0.770763899569779,17.9015100975296,-31.486643116333,-16.0990831970078,-2.84697281644955,10.0450061605388,1.45993703588784,67.1326916203538,5.63957333857314,41.7979601392834,5.88262130780815,3.6111292309996,-0.997103380948047,6.32469633023088,3.35656230360609,-34.3466199719403,-8.68926597284846,1.83052545201181,-0.906605401857617,-0.477271820677545,7.16518914337971,91.0466175235586,-27.2990730182227,11.4142032840245,-4.27021113712788,41.9672071133156,48.9717354217236,30.7638498785828,715.807020318142,0.191159759360425,-0.00510708971282803,0,0,0
65.405,-0.977354139596507,89.7362834553225,80.3596239512972,-17.4070784270034,58.6762657351252,68.6529719642768,-40.8880604635136,45.380896078018,19.3170508404118,-65.1682207321918,119.183490149797,173.174499585592,2.38846969627862,9.87186367804731,-0.199289545411142,7.96313049406086,-32.8965639894977,-75.3601126701649,-0.532631038463356,10.8799304240055,-0.937580947199651,17.4399445135512,-29.0071824196512,-17.9696594833786,-2.68000768753901,10.2463508491034,1.3528213092995,63.1717858924807,5.96526297306226,38.521460571402,6.04687265759542,4.08435349488718,-0.975004980484324,6.30524525664234,3.64950002555237,-38.1556806358195,-8.83855808414097,2.42397023877124,-0.854944886546964,-0.674859479907498,7.27155097764381,74.7861316514775,-26.9572655237526,11.75537332518,-4.53248606210561,34.5451730988275,41.9232825496791,25.5167363330492,742.873639074779,0.191200176239771,-0.00472283464285006,0,0,0
65.41,-0.522538203862461,90.9631871468918,82.5614356252649,-17.1265341370946,56.1088579818153,66.4938084312397,-40.6368167128817,50.2487501264343,25.4997829944464,-64.6347148582955,106.701174779366,162.74920144142,2.23600510736081,10.2983323133005,-0.301678678285146,8.51654996603043,-30.1018022014957,-74.5009688606676,-0.422702246030944,11.3123660262014,-1.11319549725783,17.0035664122684,-26.2583146355126,-19.7708342764996,-2.49921203366066,10.4431456688765,1.22122168788892,58.6201295299513,6.07034537264304,34.1478819205419,6.20893269792732,4.59678712126596,-0.950772847952944,6.21041604192203,3.71215249636721,-41.7290382645172,-8.96561949791589,3.04657934686723,-0.793625888659168,-0.702422997406488,7.21510815754094,58.7962773899586,-26.3540112599217,12.1218624622348,-4.7309619296097,27.1034842354932,34.7847039982327,21.5081849102082,769.418905838953,0.191207355412938,-0.00439087722062936,0,0,0
65.415,-0.0636356448331671,91.7805118056814,84.6402869921884,-16.8597567299513,53.355481428565,64.2710316740477,-40.3629199470685,54.779353162521,31.4464848524604,-64.1629595528909,94.3510610807404,151.563043462024,2.06299650166915,10.7312773089247,-0.405748909150242,9.14412877497935,-27.0751735652999,-73.369034608045,-0.292119650732313,11.7507574900329,-1.29534817302457,16.6039030948042,-23.2585336324592,-21.5039999969901,-2.30697515387159,10.6353544826153,1.06661215947161,53.522185225362,5.95088862628435,28.6424278057926,6.36809383251797,5.14387388100559,-0.925044204669407,6.04225801248758,3.56933522079815,-45.0814556967675,-9.07313284007587,3.69133291336389,-0.724868903340866,-0.585837370520238,7.00365863715348,43.2541432141021,-25.5068800063196,12.5099382679348,-4.86796314956895,19.7294232046625,27.684059296104,18.6782226553799,795.179185583964,0.191182975408245,-0.00411997778638185,0,0,0
65.42,0.397002462625185,92.1276214917541,86.5377169951271,-16.6078643920365,50.3784675830001,61.9640750489105,-40.0680858241572,58.9668245823116,37.1279300935109,-63.7513484158479,82.3222274086585,139.799199593938,1.87109793029113,11.1671106935477,-0.510173255346841,9.84817949446917,-23.8397920558817,-71.9291556114691,-0.139445433641107,12.1914885707622,-1.48108531474948,16.2514266724405,-20.029542556633,-23.17284255638,-2.10622156528745,10.8234532330684,0.891889277183168,47.9320075876494,5.61256969391368,21.9847612807502,6.52366059131438,5.7204780958171,-0.898437316350434,5.80399835481155,3.2489251302952,-48.2307110879274,-9.16379047665663,4.35077752403978,-0.6509061447882,-0.351723448416898,6.6491817499576,28.3267640297915,-24.4367834558964,12.9119470263727,-4.94648639229579,12.5119655082926,20.7435336213644,16.9475254324789,819.985528415978,0.19114766409342,-0.00390529711301735,24.4988375154181,0.176896293827171,0.0732955281892727
65.425,0.856738220891869,91.9471516534204,88.1930974553148,-16.372175374596,47.1378034881428,59.5484979247237,-39.7540323153277,62.8107017659676,42.5192272147457,-63.3973725680244,70.7951695647741,127.647193407377,1.66244001741032,11.6019257173639,-0.613610369894896,10.6294754791982,-20.4213867492233,-70.1464171421789,0.0364457011874083,12.6307139919066,-1.66679391660536,15.9549402135643,-16.596081505924,-24.7833076094845,-1.90040202623273,11.0084657221659,0.701378910287703,41.9120436425029,5.07155586933287,14.1707335147536,6.67493710473539,6.32096365019948,-0.871545833381613,5.50000583806755,2.78124740924883,-51.1969313509685,-9.2401521041154,5.01721314302132,-0.573921218300399,-0.0269854573221134,6.16727729731624,14.1687684438712,-23.1674089476073,13.3168975322703,-4.96995791849557,5.53944920161127,14.0768883342715,16.220228324483,843.759153545097,0.191136377595361,-0.00373182205285172,47.5809626975883,0.173062408959,0.0644009898195224
65.43,1.31266896228374,91.1861482781986,89.5446953635166,-16.1542164742789,43.5917800633323,56.9961371246756,-39.4224533001591,66.3158030335933,47.6002245600053,-63.0976782000599,59.9388735927824,115.299836793436,1.43959516117548,12.0315642698557,-0.714750324593333,11.4868183870024,-16.8479880464653,-67.9867537978394,0.236277553026722,13.06445809511,-1.84828572226057,15.7209726451553,-12.9856918556601,-26.3435217262174,-1.6934723937502,11.1919744744048,0.500757020355496,35.5318091117592,4.35509571505565,5.21385419909431,6.82120848465793,6.93928341348612,-0.844934491325082,5.13573516377929,2.19842286339326,-54.0018981263648,-9.30453094095756,5.68288504881904,-0.49600021037609,0.361589951669055,5.57652376050832,0.920268936346823,-21.7246728603742,13.7112695368437,-4.94207440052748,-1.10279737562663,7.78734608286964,16.386991747478,866.459848702661,0.19118874848365,-0.00358434064943136,73.9671596343805,0.169907398873872,0.0592499839781322
65.435,1.76165465646091,89.7971388355155,90.5307958811159,-15.9557278690986,39.6977210360929,54.2753684615894,-39.0749934209053,69.491975850827,52.3558112488632,-62.8481375242625,49.9081351595335,102.950082764203,1.20552678785324,12.4517032329189,-0.812361839063507,12.4166506798222,-13.1495645970532,-65.41759815998,0.460270643819842,13.4887313745336,-2.0209291816728,15.5532189295603,-9.22840974077148,-27.8636780770698,-1.48985827939465,11.3761022075273,0.29688522265627,28.8665203825131,3.50174188953569,-4.85355244359212,6.96171812550362,7.56907715404314,-0.819136030481025,4.71765063939962,1.53368462193748,-56.6683523237219,-9.35891316250231,6.34017339623317,-0.419095157723648,0.787688268409089,4.89778675478947,-11.2949696575765,-20.136198814185,14.0799833677574,-4.86672376147289,-7.33477467502252,1.96591534752799,17.3282163768295,887.991042461925,0.191333091208491,-0.00345486488200653,101.171680613718,0.167272147893573,0.0552840201770461
65.44,2.20035022509402,87.7391137267012,91.0908596679842,-15.7786639687043,35.4127800788986,51.3514761808787,-38.713224722288,72.3537397235266,56.7761071286375,-62.6439316049505,40.841183862432,90.7878618163732,0.963523695081465,12.8579569530702,-0.90533832157679,13.4127446104698,-9.35760955801915,-62.408565168341,0.708031819471725,13.8996607467233,-2.17982448741934,15.4520627487599,-5.35638411248479,-29.3558966713079,-1.29440452402934,11.5634608431546,0.0975676914862833,21.9957600574054,2.56113424168948,-15.9795555051374,7.09564339737456,8.20377595304327,-0.794649150399304,4.25312849038484,0.820674785824276,-59.2193221092414,-9.40491225141794,6.98177299474643,-0.344999552653371,1.22579188213176,4.15350775661023,-22.3710540901584,-18.430817888822,14.4074596426017,-4.74797162447278,-13.0839847874621,-3.3098604795377,18.9173052729471,908.090506123462,0.191578322598372,-0.00334941521876075,127.532583914079,0.165076574229813,0.051658892957545
65.445,2.62524222369153,84.9783997195799,91.1666877250113,-15.6251900082903,30.6947920828316,48.1871256858103,-38.3386255418524,74.9198360871758,60.8565378512431,-62.4796432909413,32.8576628018653,78.9969720625228,0.71712137718795,13.2459917738855,-0.992740093808778,14.4659965862777,-5.50467628726401,-58.932166603958,0.978441428572177,14.2936279163639,-2.32001368286571,15.4142171195813,-1.40341871414048,-30.8340684081367,-1.11231009471266,11.7570667027866,-0.0887588949046445,15.0022446544222,1.59328509033207,-28.0922315257998,7.22207245803313,8.83671109179489,-0.771937271759534,3.75033773238921,0.0927336194282554,-61.6774968283713,-9.44375712957832,7.60085632357788,-0.275334376613888,1.65149043247145,3.36700086526324,-32.2211561838055,-16.6380831568322,14.6786953418772,-4.5900918160564,-18.2873724289178,-7.97675795790628,21.0238799534667,926.262394027813,0.191905333575148,-0.00328686033128633,153.002413777059,0.163288127993637,0.0479796103966939
65.45,3.03268927142085,81.4894095457051,90.7035673286062,-15.4976741938387,25.5031628902548,44.7429325982702,-37.9525620438181,77.2126996067058,64.597794374074,-62.3493582689675,26.0570043947092,67.7520921878564,0.470013047725103,13.6116475259028,-1.07383038326991,15.5643510668772,-1.6238657476749,-54.964546600136,1.26954584036704,14.6674088098935,-2.43671509087654,15.4325140140677,2.59555792156758,-32.3136902509221,-0.949050859406267,11.9602224513019,-0.253386536218644,7.97074699032182,0.667330080054089,-41.099720258718,7.33998493662105,9.46122536935707,-0.751427834456429,3.2181001002453,-0.617804222112665,-64.0646659065877,-9.47631051594862,8.19121371620946,-0.211542245101895,2.04178874931535,2.56178203225426,-40.7783594564057,-14.7877893407354,14.8802845493648,-4.39761648233954,-22.8929604764692,-11.9863683645757,23.5168676815487,941.801377675612,0.192272188071092,-0.00329248155039519,179.215942467977,0.161927842211286,0.0441195751908738
65.455,3.41896554343952,77.2552544038058,89.6513737331261,-15.3986752919847,19.7997803708282,40.9781190213981,-37.5562727108068,79.2578666023498,68.0056794328005,-62.2467721039471,20.517233004094,57.2159832783283,0.225953805375061,13.9510601121757,-1.14810306275711,16.6928715448149,2.25172917321506,-50.4862248619771,1.57846397478182,15.0183058842297,-2.52556923289035,15.4958673124576,6.6050850476525,-33.8116959093713,-0.810294451757984,12.1763683742029,-0.387729453512119,0.98720428645444,-0.140263145852526,-54.8907501468641,7.44823903841649,10.0707847848151,-0.733511829289999,2.66573007708007,-1.28029039615212,-66.401237479761,-9.5031120804087,8.74736600813721,-0.154886690540946,2.37541935612859,1.76095094968412,-47.9961489941351,-12.9094901963535,15.0013185194866,-4.17538253697796,-26.8611222275686,-15.3052704754973,26.2673891667056,953.919315260423,0.192636411210405,-0.00338413606499621,208.746239565393,0.161056352710765,0.0402470571209754
65.46,3.78030658594411,72.2682085009835,87.9656039876758,-15.3309256493125,13.5499285344504,36.8512458316609,-37.1508560267978,81.083336801869,71.0908466589603,-62.1653010349322,16.2942138029939,47.5369407696114,-0.0113380281256551,14.2607789241689,-1.21530065505279,17.8339680427024,6.08961362130358,-45.4828297106587,1.90131663609152,15.3442643105979,-2.58288212142438,15.5894245781623,10.5898099808975,-35.3462828431152,-0.701812677779219,12.4089076005264,-0.483729580492333,-5.86198206881906,-0.748001487681662,-69.3356536267682,7.54556721155111,10.6590884832995,-0.718543251540436,2.10285660675746,-1.86640352471988,-68.7058466454323,-9.52443972587039,9.26464666065684,-0.106453460296438,2.63316060709073,0.986640827974048,-53.8485411376587,-11.0320106432295,15.034109911965,-3.92855556312786,-30.1654508452889,-17.9149175387879,29.151388573024,961.925347448147,0.192969476982835,-0.0035591352119857,243.906764109424,0.160715394922421,0.0367480161170528
65.465,4.11295667203935,66.5300172189199,85.6083213135162,-15.2973097214402,6.72318557445039,32.3210079550978,-36.7372615040481,82.7189045497725,73.8684408540126,-62.0981942561751,13.4213557514112,38.8465513220839,-0.238277999851246,14.537872819285,-1.2754217470839,18.9677814120117,9.85850212572601,-39.9457987124719,2.23318673924134,15.6439627156215,-2.60585138989934,15.6949126809924,14.5151560573494,-36.9367326068807,-0.629397237055646,12.6610117845239,-0.534253187551037,-12.490475584417,-1.07212299028656,-84.2878828423793,7.63058194050734,11.2201748207459,-0.706838180147387,1.53922863888605,-2.35073265243089,-70.9950581108698,-9.54038174902467,9.73925231330392,-0.0671509691855171,2.79815551881659,0.259545883090033,-58.3298559316837,-9.18295667937886,14.9746994342506,-3.66261876330939,-32.7932059573331,-19.8112700606364,32.0519606943339,965.371874189502,0.193270127602859,-0.0037942420758057,285.71118232315,0.160862114787014,0.0339766687361642
65.47,4.41321688779916,60.0520431520166,82.5489908947936,-15.3008382894117,-0.705713594308153,27.347077903857,-36.3162841282062,84.1954751684496,76.3576503568981,-62.0386454312406,11.9097649868957,31.2578015234002,-0.45150656005537,14.7800187998755,-1.32871760705318,20.0727150898095,13.5289342180554,-33.8730210531303,2.56811707344962,15.9168694438293,-2.59276119180323,15.7911708216743,18.3479938961461,-38.6032180166241,-0.598783643276996,12.9354153895923,-0.533458540390562,-18.8124082485678,-1.02969990314127,-99.5860242984727,7.70179252604967,11.7485213624344,-0.698673227960068,0.984507286628369,-2.71128711466851,-73.2831629635823,-9.55091265650755,10.168262704771,-0.0377076797613688,2.85622097514827,-0.401469154063915,-61.4541415680989,-7.38823250481453,14.8231189518548,-3.38332178538329,-34.7453367937126,-21.0042003654879,34.8613429946207,964.095495699972,0.193566927237169,-0.0040406502678012,333.486994284902,0.161382640689015,0.0320519045529668
65.475,4.67749312388211,52.8552472166383,78.7651905605708,-15.3446186370517,-8.75606952799878,21.8909814048935,-35.8885622205703,85.5443815272718,78.5811843757956,-61.9799012628626,11.7488336756147,24.8635761927831,-0.647969787994288,14.9855683370583,-1.37567841369878,21.1260954612892,17.0738732363758,-27.2693934608988,2.89915023843625,16.1632562683356,-2.54313312132674,15.854852762037,22.0572885712028,-40.36658779534,-0.615586031539392,13.2342079333524,-0.477116151384347,-24.7427257939551,-0.541949632006341,-115.056295610153,7.75763292331425,12.2391366165577,-0.69428317023653,0.44804810722289,-2.9299181133712,-75.582064601975,-9.55596595565551,10.5496327508796,-0.0186651023648631,2.79613283486423,-0.979678381362312,-63.2542661958073,-5.67157981986393,14.5834023472589,-3.09659102594369,-36.0360993786565,-21.5166894802806,37.4825525811682,958.140890256818,0.193901388210182,-0.0042436804195729,385.241143227232,0.16212250383648,0.0308569370582683
65.48,4.90234314960039,44.9700051435677,74.243182625363,-15.4318210554388,-17.4404836773878,15.9169877911568,-35.4545786454749,86.7967150189173,80.5646895660988,-61.9153650690327,12.9072387659497,19.7355739845498,-0.824986117191173,15.1535874376389,-1.41701004057682,22.1049331976712,20.4692640487317,-20.1472607441534,3.2184130612348,16.3841631617813,-2.45782249476858,15.8612688510976,25.6146940062454,-42.2481176600727,-0.685242176895779,13.5586342344706,-0.362865583865643,-30.1975572337626,0.46241261858643,-130.515488484112,7.79649989710713,12.6876413402922,-0.693857643423964,-0.0613221434760885,-2.99263987604265,-77.9012447986858,-9.55549817632796,10.8821611004273,-0.0103661914009147,2.60986997440547,-1.46072823003874,-63.7806984302251,-4.05415795036952,14.2633528080704,-2.80840838986236,-36.6923010903846,-21.3838327678807,39.8306596879232,947.625701663476,0.194314398313635,-0.0043531420424312,438.481911713561,0.162925623975654,0.0301754233625013
65.485,5.08452196373511,36.4357628269784,68.9783360734954,-15.5656421271418,-26.7642143406247,9.39299699617974,-35.0146652251489,87.9826840652631,82.3361210307272,-61.8386934918544,15.3343154356759,15.9236572666862,-0.980296205956834,15.2838679898512,-1.45360275847738,22.9867504674963,23.6945235457264,-12.5267131295507,3.51724543202815,16.5813101370407,-2.33905206120852,15.7853285858654,28.9950666698787,-44.2692165247569,-0.812963931812939,13.9089127768904,-0.190395742941836,-35.0946987026252,2.04396247666519,-145.774299818114,7.81679998163305,13.0903373656773,-0.69753692199293,-0.535528999922421,-2.88984159172796,-80.2477976440921,-9.54953958279037,11.1654405576636,-0.0129400341029935,2.2927996495017,-1.83280372417894,-63.1000036099629,-2.55418462009059,13.8740914877959,-2.5246689275756,-36.7522185392864,-20.6516685467464,41.8336994632063,932.618719349173,0.194824991427859,-0.00434244850546683,491.044655920447,0.163648890733268,0.0298161374271491
65.49,5.22102464974033,27.3005372010688,62.9753912926793,-15.7492653212056,-36.7246388127999,2.29140453879251,-34.5690101646681,89.1310120962488,83.9250833252742,-61.7438846838154,18.9617616078183,13.4556422065283,-1.11209415200147,15.3769095486936,-1.48649350703142,23.7504332614194,26.7329375987534,-4.43571564612383,3.78637134642323,16.7569552020633,-2.19037842722238,15.6025367426065,32.1768735432429,-46.4510777506421,-1.00368406706233,14.2840817690284,0.0384610034783424,-39.354299742588,4.24968242132351,-160.640968666731,7.81700306288503,13.4442620931243,-0.705406924136139,-0.967467775757579,-2.61638516669685,-82.6265168980427,-9.53822837794225,11.3997962668425,-0.0262847539620451,1.84378774870935,-2.08673794852832,-61.2930882383273,-1.18665561020665,13.4294263440387,-2.25102915843082,-36.2642436870886,-19.3758439534953,43.433232428644,913.082265887107,0.195429771409735,-0.0042058917694936,541.584468136425,0.164172512227713,0.0296656403376607
65.495,5.30912601195692,17.6202724432824,56.2485626598091,-15.9858194982396,-47.3108354067142,-5.41007416268814,-34.1176682362066,90.2683856921246,85.3621570173075,-61.6253565690216,23.7056229587122,12.3375239610083,-1.21903944399187,15.4338724236832,-1.51682353475364,24.3770646356238,29.5719400452865,4.0899502984798,4.01610820737713,16.91370101004,-2.01659001849634,15.289991236927,35.1424742140056,-48.8142681438316,-1.26198697960749,14.6818813990305,0.319726786890359,-42.8998282856198,7.1105793113562,-174.925113034016,7.79569988645679,13.7472270980706,-0.717493753892675,-1.35120790751694,-2.17158797477165,-85.0400211620924,-9.5218265756589,11.5862174667927,-0.0500513641223812,1.26522034860195,-2.21607548548284,-58.4532300150411,0.0368425629374321,12.9450903501336,-1.99275746623715,-35.2853183259918,-17.6201344779656,44.584570764267,888.881300283206,0.196103986883654,-0.0039667949571891,589.64020151556,0.164413502322275,0.0296873879461677
65.5,5.34641633274598,7.4580641578191,48.8214774276647,-16.2783359818667,-58.5032967254619,-13.7276384312279,-33.6605734253482,91.418962171759,86.678225934408,-61.4780140563887,29.4685025266075,12.5541211716466,-1.30025028490512,15.4565045975081,-1.54579321728063,24.8506937606583,32.2032532633189,13.0069465212952,4.19660922040423,17.0542566380323,-1.82353908610063,14.8273293202785,37.8782634645356,-51.3782514891748,-1.59200876599994,15.0986793179111,0.647370226075622,-45.6593689101786,10.6399504452206,-188.441639954155,7.75166047766331,13.9978396853215,-0.733758229443945,-1.68217627368444,-1.55909392699409,-87.4889012939781,-9.50071703368605,11.7262879748497,-0.0836318026479944,0.562927140344643,-2.21709939357517,-54.6839352919951,1.10821883247413,12.4379044558727,-1.75459622166313,-33.8792186979903,-15.4548375888526,45.2566926694886,859.839295520097,0.196812393023504,-0.00365977746765633,635.376192908179,0.164342549887211,0.0298768374709821
65.505,5.33083266576241,-3.11673339671542,40.7269525108983,-16.6297048971408,-70.2737830548869,-22.6707134109484,-33.1975537037599,92.6039443177519,87.903819495748,-61.2973043790641,36.1419354649543,14.0701139182096,-1.35528009496082,15.4470465281611,-1.57461575258832,25.1589974291465,34.6228759907147,22.2648445271552,4.3181329970166,17.1811648687626,-1.61791393192785,14.1975707607081,40.3746683908255,-54.1608485037393,-1.99729249510299,15.5294447158852,1.0134903030831,-47.5672787028323,14.8324046828959,-201.014588365959,7.68389038020653,14.1955066922623,-0.754090949813391,-1.95731116067869,-0.786640091691344,-89.971875576681,-9.47538234918217,11.8221194397034,-0.126154494494163,-0.253997627928955,-2.08882885607197,-50.0966695519214,2.02286150778041,11.9249223230002,-1.54064286597941,-32.1147506429936,-12.9550660943405,45.4318707372821,825.805637015865,0.197527184837498,-0.00332521897929539,679.19190566166,0.163987892109433,0.0302333032814204
65.51,5.26068516567291,-14.0295000178745,32.0066138623102,-17.0426315074231,-82.5853220563029,-32.2413538613086,-32.7283475626787,93.8412282160632,89.0684835065492,-61.079260040454,43.6088677219426,16.8314401779583,-1.38407999141706,15.408119171974,-1.6044712400069,25.293795157479,36.830912015198,31.8067960398843,4.37133415304078,17.2965091218729,-1.40696101964549,13.3878122725905,42.6260023645374,-57.1776407800434,-2.48058762918493,15.9677747029026,1.40858595119208,-48.5661884725689,19.6636946083451,-212.480759875311,7.59168178320396,14.3404203734366,-0.778308503552674,-2.1751785021827,0.134270470412583,-92.4859402283531,-9.44636740685676,11.8762899480486,-0.1764904949653,-1.17347549858532,-1.83299133400646,-44.8085094857318,2.77952577535086,11.4226111114838,-1.35425468095677,-30.0639118484713,-10.1989726076006,45.1050429792941,786.718558128845,0.198233791340513,-0.00299568044100429,721.3757410366,0.163424854900905,0.0307300604971177
65.515,5.13467804819641,-25.2014234953213,22.7103660989264,-17.5195932977091,-95.392358057287,-42.4337553505738,-32.2526219199087,95.1451285540698,90.2001915504911,-60.8205291531698,51.7461774568774,20.7670079226226,-1.38695078138853,15.3426015167052,-1.63646242950114,25.2513860798667,38.8312427694409,41.5703960241484,4.34756856576227,17.4016174876204,-1.19816977981412,12.3897363383645,44.6301864287478,-60.4413321108052,-3.04358852856993,16.405975229273,1.82190136875297,-48.609297207578,25.0913597206583,-222.692999634576,7.47465697708655,14.4335267827672,-0.806151418668496,-2.33604248119316,1.18877621067016,-95.0265057428534,-9.41422834188176,11.8917889514044,-0.233272597837313,-2.18081865067754,-1.45396943146663,-38.9397673018257,3.38013654281122,10.9461159775714,-1.19797981464367,-27.8000722487195,-7.26594193656438,44.2829572724688,742.653598075883,0.198944032507137,-0.00268827842134467,761.909411260651,0.162756716633342,0.0313128648513175
65.52,4.95192487574363,-36.5506344905903,12.8957228266583,-18.062798553714,-108.641051201066,-53.2338855957819,-31.769990998102,96.5261843614318,91.3248076967412,-60.518393254276,60.4271797788324,25.7906734723009,-1.36448847047886,15.2535044506991,-1.67157323395371,25.0326851569217,40.6310570249842,51.4887180262085,4.23920681438663,17.4967838440762,-0.998935528804074,11.1999090933146,46.3883563451163,-63.96108609099,-3.68661545993054,16.8351975469157,2.24183368819396,-47.6628680620395,31.0561246192017,-231.52300858221,7.3328020874229,14.4764776867853,-0.837284392633546,-2.44188362741145,2.35912949023224,-97.5875130616281,-9.37946930344784,11.8719716897496,-0.294928801463799,-3.25918720340265,-0.958719279039852,-32.611638896761,3.82952625381124,10.5086487534733,-1.07351554828793,-25.3962171353771,-4.23479269752954,42.9831218089642,693.862083042126,0.199696873308358,-0.00240289526074466,800.4512561495,0.162086119561963,0.031910064001428
65.525,4.71195797179851,-47.9933807889313,2.62701068553441,-18.6741471717642,-122.269723609809,-64.6192464491641,-31.2800357631241,97.9910469953996,92.4656097109751,-60.1707729603039,69.5240587942713,31.8034317750235,-1.31752747224308,15.1438478629008,-1.71063096690599,24.6431472949048,42.2402608933006,61.4914937734292,4.03995272133616,17.5810294526812,-0.816217847616147,9.8198552546264,47.9043798394941,-67.7418636758432,-4.40824814019539,17.2456324771426,2.65638672860301,-45.7087984467044,37.4839456019871,-238.863597553086,7.16648961442985,14.4715676575102,-0.871299225879266,-2.49635919411978,3.62521727633148,-100.161527406993,-9.34242743861316,11.8205942665397,-0.359730372110116,-4.39011237786671,-0.356654582778751,-25.943927309613,4.13519759986422,10.1210731422443,-0.981693407768668,-22.9232907892016,-1.18203241169376,41.2325956148405,640.799789342426,0.200551697687685,-0.00211902955100385,836.464138840742,0.161492424988932,0.0324495506523155
65.53,4.41473187868723,-59.4452186223106,-8.0255375366082,-19.3551944049949,-136.209446646268,-76.5587745183603,-30.7823235085472,99.5424509154648,93.6428803852491,-59.776222081452,78.9101757704621,38.6957609990991,-1.24708558309066,15.0165474614486,-1.75427320302987,24.0924801300111,43.6708002371269,71.5064022473252,3.74758952011295,17.6532370174674,-0.656232490738057,8.25591212362018,49.1843130936614,-71.7837881032254,-5.20268724579842,17.6283619124347,3.05358673232319,-42.7471084300448,44.2885588906198,-244.630329954979,6.97648890856231,14.4216585612534,-0.907720717543746,-2.50470283732896,4.96511325998734,-102.739811430723,-9.30317009061356,11.7418198341776,-0.425853319458609,-5.5540653422062,0.340511012533197,-19.0528913571275,4.30703009394416,9.79162902001389,-0.922489930541839,-20.4486719801525,1.81978862296868,39.0666541891005,584.144196224159,0.201588484005414,-0.00180466789522615,869.412001600041,0.161018147437215,0.0328785480073579
65.535,4.06062088471109,-70.8221987952912,-18.9867833391099,-20.1071182073618,-150.384760473517,-89.0128856831785,-30.2764271768373,101.17926634208,94.873573019935,-59.3339110402709,88.4622082362904,46.3500622604066,-1.15431435689479,14.874316953235,-1.80292013676576,23.3941587102324,44.9359344718442,81.4604282273507,3.3704309557779,17.7157247129205,-0.52421129268619,6.51887835827836,50.2358278966378,-76.0815670124329,-6.0539261007638,17.9803266085454,3.4218688615091,-38.7981736827464,51.3743573997554,-248.762538429778,6.76396431703971,14.3300941341131,-0.946015579360899,-2.473563370137,6.35564504652661,-105.312382841326,-9.26152697570891,11.6399967640559,-0.491450576335973,-6.73104918713361,1.11897067126117,-12.0492664382316,4.35675131526062,9.52567886657624,-0.895064275069593,-18.0348068660813,4.70358054668261,36.5273656401028,524.795921206449,0.202885554596679,-0.0014219877156032,898.944934466974,0.160667234655965,0.0331733856992411
65.54,3.65041075410271,-82.0420261215176,-30.1777574266176,-20.9306907797063,-164.714514468574,-101.933665899324,-29.7619440206142,102.89663124441,96.1710555151314,-58.8436006313192,98.0620817901576,54.6431354464706,-1.04045780176285,14.7195900191026,-1.85675330079584,22.5647672929835,46.0495048912595,91.2812468129224,2.92053029040832,17.7712263432331,-0.424148943879603,4.62348541728444,51.0676410567477,-80.6240025313148,-6.94242951582011,18.3012024098731,3.75084706445863,-33.9045239685232,58.639412450083,-251.223737531353,6.53046132209932,14.2006076800946,-0.985604198911661,-2.41078549592418,7.77296128762825,-107.868064603497,-9.21709103112988,11.519513537425,-0.554731054050676,-7.90119043324468,1.96308621966945,-5.0365001910576,4.29747436470892,9.32567029075391,-0.897822453262233,-15.7380198184662,7.40903353495743,33.662112318841,463.858893245699,0.204509894725122,-0.000935107593430295,925.005102759537,0.160408277328514,0.0333366734480869
65.545,3.1852848940577,-93.0251720090876,-41.5167887818288,-21.8262548528021,-179.112814619334,-115.265207730346,-29.2385132287917,104.686158364596,97.5449359532331,-58.3056073113781,107.598663988314,63.4486338734754,-0.906821398050807,14.5544650478931,-1.91570146630162,21.6232041571761,47.0252416380216,100.89858879002,2.40160790583352,17.8163707072407,-0.358628759092142,2.58772936474076,51.6889758710614,-85.3936194511037,-7.85609407411335,18.585217092178,4.03195913969954,-28.1320370340016,65.9784621282857,-252.001484752395,6.27788152987179,14.0372261200551,-1.02587485933642,-2.32513875158329,9.19308535485359,-110.394537945996,-9.16911071098561,11.3848607497631,-0.614040533669717,-9.04530680633396,2.85570827151283,1.89075997760869,4.14344753416952,9.19137330175711,-0.928503461820877,-13.6075185270651,9.88371867293798,30.5220919355574,402.596109113059,0.206500261044632,-0.000316526416448859,947.826917639994,0.160188469622273,0.033396718370768
65.55,2.66680528527211,-103.695921757212,-52.9206667756052,-22.793705162221,-193.490061883955,-128.944089093749,-28.7058321720081,106.536211356827,99.0009709695822,-57.7207613227241,116.969197730911,72.639443799033,-0.754752399633639,14.3806739700133,-1.97943445132983,20.5897939375473,47.8761510927268,110.245541964024,1.81660074117705,17.8454364814549,-0.328709203254897,0.43210736130663,52.109081990727,-90.3664393257613,-8.78305501802752,18.825559376164,4.25860871261207,-21.5703807491591,73.2857075056591,-251.10676304842,6.00844782368913,13.8441736464907,-1.06619981879512,-2.22600419197486,10.5924441978552,-112.878409614916,-9.11645671762343,11.2405831189554,-0.667938845880945,-10.145429698239,3.77855386555001,8.64789739580293,3.90972021063115,9.12016597540956,-0.984284963281594,-11.6846062602099,12.0839424610883,27.1608305996194,342.356651138073,0.208856358625959,0.000444072981956367,967.840974609475,0.159943526350813,0.0333997136768067
65.555,2.09688858474426,-113.983340105349,-64.3058149117429,-23.8324754803002,-207.75406361543,-142.899987812607,-28.1636709585736,108.432242686683,100.541056615791,-57.0903590237972,126.080459785138,82.0899394470279,-0.585631334397727,14.1995748809307,-2.04736539155268,19.485357865915,48.6140199075287,119.259745727271,1.1742371875825,17.8543081776444,-0.333855360834491,-1.82119379676828,52.3368353248902,-95.5119244495291,-9.70597030835817,19.0193394539974,4.42639399487946,-14.3325922131,80.4572887133453,-248.572967641379,5.7246613313551,13.6257780973601,-1.10595248716742,-2.12303136987273,11.9483631815456,-115.305304963207,-9.05765621222622,11.0911472444099,-0.715267712389885,-11.1852626418132,4.71263625458125,15.1612525964271,3.61174617265422,9.10736160032995,-1.06190599909298,-10.0021111506432,13.9753361610419,23.6327382311668,284.478803077145,0.211538160631541,0.00134187097029148,985.534266965987,0.159615985311213,0.0333989415631688
65.56,1.47777788127926,-123.822140693113,-75.5894550205418,-24.94153147298,-221.811198536175,-157.056422789847,-27.6118850349325,110.357184728314,102.163299836508,-56.4161108328733,134.849638184896,91.67806998043,-0.400873662467269,14.0121665900354,-2.11866177577687,18.3302949552702,49.2490635796354,127.884440119334,0.485656467511365,17.8391920318545,-0.372021678514416,-4.14911041719419,52.3804341250828,-100.793110275813,-10.6054239710797,19.1657408891737,4.53332823811166,-6.55372873315252,87.3933511934837,-244.454578336041,5.42925204761207,13.3863828554127,-1.14452482155147,-2.02578065464966,13.2395197712749,-117.65999752169,-8.9909324759517,10.9408395511496,-0.755203669212866,-12.1505610701231,5.63873673728221,21.3687325965717,3.26503306086809,9.14661889500487,-1.15780085305895,-8.58403953432289,15.5331708842708,19.9917344289677,230.188049246981,0.214468632155961,0.00235217523192688,1001.32909738388,0.159166010329577,0.0334386667687667
65.565,0.812010644606803,-133.153447334612,-86.6907414067874,-26.1193695455703,-235.567614518271,-171.331610020904,-27.0504256120977,112.291884567079,103.862167133318,-55.7000861828918,143.204929996431,101.287241554393,-0.201939758014324,13.8191218907354,-2.19226522281211,17.1437263171008,49.7897370283047,136.06933636857,-0.236802622690217,17.7964321331398,-0.439797936018781,-6.52847345697926,52.247201489733,-106.166938095153,-11.4613235057681,19.2653788820683,4.57988125891999,1.61142140318938,93.9996542620761,-238.825587503836,5.12512499534687,13.1302666210536,-1.18134400644344,-1.94336764751903,14.446350786696,-119.926583663339,-8.91426999684168,10.7936626144928,-0.787291461569957,-13.0294233252826,6.5379040710802,27.2200993387246,2.88480459049095,9.23038369222676,-1.2682374636043,-7.44545736926465,16.7423992707529,16.2899702147002,180.515954599123,0.217543901556912,0.00343606371016669,1015.51142107533,0.158581547509195,0.0335476309535974
65.57,0.102383457884309,-141.925437344628,-97.531845577651,-27.3640217336258,-248.930437611319,-185.639419280547,-26.4793477504986,114.215572319923,105.628705514637,-54.9446568425252,151.085868073458,110.807964945709,0.00964920198573738,13.62083532575,-2.26691959770542,15.9427504555666,50.2427129828658,143.771283206383,-0.980057761384438,17.7227491454825,-0.532618985824955,-8.9367035882599,51.9434985649242,-111.584791896514,-12.2536410162452,19.3201041979531,4.56887819894771,9.99152471888656,100.188715554634,-231.777736286882,4.81530372224371,12.8615728212694,-1.21588749653576,-1.88412718886531,15.5514094728688,-122.088707942574,-8.8255038910588,10.6532334368704,-0.811454589778884,-13.8124879866092,7.39196354711635,32.6769434282302,2.48567519085857,9.3503346774839,-1.38945283228524,-6.59260031106058,17.597434236602,12.5766681954929,136.261901120696,0.220642538484794,0.00453742519282763,1028.21841651607,0.157876012305265,0.0337315135495651
65.575,-0.648085839625629,-150.093859501698,-108.038973666701,-28.6730665852429,-261.808970322922,-199.890415206956,-25.898815989163,116.106352266892,107.450829463445,-54.152439884082,158.443391688329,120.139247022863,0.23229221200115,13.4174805861443,-2.34120666167466,14.7418498106613,50.613022088509,150.954711875024,-1.73093929579905,17.6157167864852,-0.645030528403523,-11.3524038859325,51.4747469473899,-116.993234555714,-12.9634113785013,19.3329336787706,4.50532051239332,18.4026870879393,105.880522612707,-223.418591305254,4.50287275546579,12.5842497439617,-1.24769558155792,-1.85531406789515,16.539669800655,-124.129840840433,-8.72242944420976,10.5226896670127,-0.827981397562151,-14.4930377145956,8.18401565227237,37.712358989099,2.08134021153337,9.49781025774863,-1.51777755719917,-6.02320890261882,18.1016841050705,8.89710068761926,97.9970515668518,0.223633613041535,0.00558542617917546,1039.46729294025,0.157088260012989,0.0339701639692782
65.58,-1.43619794778001,-157.62242163102,-118.143300468276,-30.0436458714305,-274.115857237768,-213.992964702108,-25.3091074601981,117.941705793081,109.313666425918,-53.3262414778625,165.239681244055,129.189712226082,0.464289169914067,13.2090724639102,-2.41358804910443,13.5524785722203,50.9043374589997,157.591852374265,-2.47725022817047,17.474726608049,-0.770993167259555,-13.7558348465771,50.8455533806159,-122.334929154121,-13.5742393474725,19.3083174408343,4.39618454040937,26.6530906633918,111.002874169856,-213.86947530738,4.19092043195036,12.3020017838418,-1.27638078031008,-1.86285596391498,17.3987762335479,-126.033606239989,-8.60292553254767,10.4046098794269,-0.837487079756405,-15.0670145640588,8.8989036590541,42.310344663178,1.6842871983654,9.66419789050389,-1.64974213225097,-5.7270804382652,18.2668711009157,5.29172229529175,66.0838374672943,0.226367549739786,0.00648751466707509,1049.19639628976,0.156269069259717,0.0342298880891159
65.585,-2.25861317340088,-164.483045124323,-127.781806037561,-31.4724868539206,-285.768196498279,-227.854391109821,-24.7106124852471,119.698994990311,111.199952257347,-52.4690025705277,171.447781467122,137.87844800838,0.703824170031441,12.9955284671438,-2.48245200296174,12.3828496301132,51.1193768061347,163.662723693328,-3.20769640842049,17.2998612549246,-0.904210711766084,-16.1292672047564,50.0599248652325,-127.549721734658,-14.0721825887629,19.2506930021192,4.24976487997732,34.5480974586447,115.491436807372,-203.263251462059,3.88248333798484,12.0182515224684,-1.30163357595229,-1.91117139410434,18.1192377686404,-127.784151340766,-8.4650840155689,10.3009535269613,-0.840854062142667,-15.5329557475488,9.52363057596451,46.4649640995249,1.30553611876328,9.8412718716547,-1.78215904615697,-5.68682341384039,18.1121664208092,1.79547035397721,40.6779255216316,0.228587360610208,0.00709522425315789,1057.32700287708,0.155474118102616,0.0344693319118967
65.59,-3.11189310373501,-170.655986066496,-136.898003033888,-32.9559297369575,-296.688576606799,-241.382154552176,-24.1038327059852,121.355955852154,113.090467174522,-51.583747367319,177.051040641391,146.135575604636,0.948953870528546,12.7767257642309,-2.54616301863374,11.2379253984478,51.2603879280302,169.1549110479,-3.91110768651299,17.090006454456,-1.03845587987094,-18.4572178570932,49.1215578513731,-132.575852639911,-14.4446397553208,19.1626044614665,4.07490244711514,41.8956064770321,119.289616602454,-191.74195495792,3.58049345015299,11.7361118080308,-1.32322425185109,-2.00306164969096,18.6945654866481,-129.366547293201,-8.3073360984123,10.2130250701301,-0.839155158498574,-15.8918618340998,10.0477085721606,50.1793063427108,0.954418269720517,10.0214702877908,-1.91217689629789,-5.87879425321197,17.6631797116429,-1.56275652637353,0,0,0,1063.83390029432,0.154749018759505,0.0346417930144147
65.595,-3.99254222831843,-176.129824916845,-145.442545331658,-34.48995983326,-306.806019260775,-254.485037124671,-23.4893768546938,122.891170258386,114.964502068518,-50.6735353897605,182.042395511862,153.902554334292,1.1976029842519,12.5525499848821,-2.6031123915978,10.11960416505,51.3296786963729,174.063152908908,-4.57746078070889,16.8442787393989,-1.16787525984793,-20.7265822066549,48.0341813502219,-137.351255316824,-14.6817441678568,19.0456291512331,3.88079848660242,48.511437760378,122.348349933315,-179.454268296276,3.28772895773767,11.4583665981573,-1.34100085454208,-2.13968112676821,19.1213532340991,-130.767204994111,-8.12856631165792,10.1414651702678,-0.833565517437789,-16.1470111496899,10.4634279799168,53.4642919899954,0.638404486447973,10.1981062752278,-2.03730546043899,-6.27418953464325,16.9508436696246,-4.76043494930512,0,0,0,1068.77778002018,0.154125365610006,0.0347091605510048
65.6,-4.8970488732272,-180.901328981918,-153.373710846412,-36.0702438864839,-316.056810645069,-267.074311384934,-22.8679543223281,124.284506473252,116.800344538426,-49.7414177266223,186.42353262782,161.132233731532,1.4475683376313,12.3229334892341,-2.6517676672892,9.0270815630868,51.3301509690604,178.388769244888,-5.1988869805288,16.5631506721538,-1.28725716217216,-22.92668171359,46.8019307737991,-141.814894725376,-14.7776723744814,18.9010762757202,3.67676053127684,54.22451770332,124.625913046954,-166.552847452027,3.00676963265977,11.1874591033491,-1.35488357504622,-2.32058545572066,19.3993014870525,-131.974287579232,-7.92820523372855,10.0862698662473,-0.825270446065784,-16.3037346265414,10.7660378395367,56.3373745696498,0.362992889068703,10.3655126667622,-2.15541360618961,-6.84026067386891,16.0102355485321,-7.78156504650638,0,0,0,1072.29279513114,0.153615388870389,0.0346419054044604
65.605,-5.82192484400338,-184.975194154879,-160.657753983496,-37.6921699150204,-324.385205706679,-279.064870727798,-22.2403667290951,125.517518646347,118.575773724109,-48.790397940914,190.203957141293,167.788673007131,1.69653224743773,12.087881921845,-2.69071915411337,7.9573566118087,51.2657990587275,182.138969281593,-5.77026714167351,16.2470831546589,-1.39223600690392,-25.0492480249417,45.4297273312017,-145.908092854319,-14.7308433077061,18.7285098172927,3.47170709719614,58.881654819313,126.087837082232,-153.191522761086,2.73995747338133,10.9254857190334,-1.36485607767672,-2.5438518198571,19.5311849579849,-132.978099440768,-7.70629338096283,10.0468365408924,-0.815376608927637,-16.3691645894985,10.9538351600166,58.82118810382,0.131664653811434,10.5191224105095,-2.26470467580539,-7.54161247125812,14.8793766452071,-10.6166314404429,0,0,0,1074.52529263542,0.15320868751648,0.0344315789556306
65.61,-6.76374321641916,-188.363674483326,-167.269125580549,-39.3508898766202,-331.74399232027,-290.376300823093,-21.6074977453023,126.573796758683,120.268552952017,-47.8233979436751,193.399999447956,173.846751595003,1.94208524106023,11.8474890802723,-2.71872195394074,6.90584419685669,51.1421372714115,185.326081653909,-6.29905606947087,15.8872734584848,-1.47932864309853,-27.0883647656442,43.9236371371419,-149.575786853619,-14.5507158216912,18.5142497114205,3.27390831437324,62.3517220082236,126.706995099926,-139.52241786295,2.48936317819221,10.674194342297,-1.37095449562086,-2.80626125607921,19.522765129684,-133.771431246772,-7.46351071541469,10.0220334481339,-0.804833799094638,-16.3519691677323,11.028165093448,60.9421911691253,-0.0540867348247524,10.6554897603293,-2.36367618946422,-8.34154262303318,13.598048419261,-13.2623820628315,0,0,0,1075.55627754519,0.152873107421881,0.0340954282602146
65.615,-7.71917376679276,-191.086110074894,-173.190560651162,-41.0413644017431,-338.094905024872,-300.933872295725,-20.9703014471452,127.439259631542,121.85690936658,-46.843229000148,196.033788705584,179.291597779879,2.18175746260587,11.6019412302306,-2.73473233203298,5.86705126506871,50.9665271423478,187.966751661483,-6.80053160019351,15.4668240443788,-1.5460488617112,-29.0403852558501,42.2911850263688,-152.767666335597,-14.2535390221262,18.2340974774616,3.09084462429801,64.5290974789471,126.463901784486,-125.693048910098,2.25675880773704,10.4349859035158,-1.37325493930876,-3.10352893751241,19.382649632681,-134.349841496727,-7.2011687917749,10.0102878315699,-0.794373491085521,-16.26208148796,10.9933385926541,62.7293549814244,-0.194651334151765,10.7722591760291,-2.4510720723132,-9.20337669113722,12.206660011147,-15.7214347055441,0,0,0,1075.36816714952,0.152560067682952,0.0336780160882437
65.62,-8.68501559447072,-193.168365535219,-178.413036613802,-42.758408807164,-343.408881083526,-310.669436240295,-20.3297895222956,128.102384969666,123.319990101682,-45.8525678989939,198.132220230453,184.117864632809,2.41305752924352,11.3515128857847,-2.73793762807363,4.83527251120408,50.7483827146021,190.081149201391,-7.26955548187074,14.9848872006574,-1.5910284791358,-30.9038397032429,40.541600486769,-155.439140679522,-13.8420055617697,17.8847708261368,2.92899100712358,65.3362584387329,125.347236656095,-111.843481519557,2.04359679332553,10.2089182673365,-1.37186041753034,-3.43056576460147,19.1221012047482,-134.711857555323,-6.92116544466513,10.0096864033076,-0.784468811642719,-16.110429919926,10.8564774829479,64.2129382519701,-0.292126916649934,10.8680901992846,-2.52583594376999,-10.0917524532124,10.745196858677,-18.0017259701682,0,0,0,1073.85993215513,0.152222363149473,0.0332360369261213
65.625,-9.65822655644489,-194.642192395011,-182.935606969902,-44.4967395814759,-347.666154862687,-319.522205968455,-19.6870176627184,128.554371915562,124.63828514955,-44.8539381935178,199.725941095384,188.328883719781,2.63351717210193,11.0965566637393,-2.72777924620797,3.80526277015094,50.4992408146375,191.692226825974,-7.68627309797843,14.4564699520011,-1.61400519080665,-32.6793396063656,38.6859770338128,-157.552094658653,-13.3103698929253,17.4823235097247,2.793471022184,64.7254659133251,123.354569988111,-98.1036323258079,1.85099525707698,9.99671203644032,-1.36688805603734,-3.78175324812248,18.7547998423477,-134.859082706064,-6.62590484141818,10.0180812930984,-0.775318568403299,-15.9086728040962,10.6272990162155,65.4233850525999,-0.350079435093778,10.9425473720411,-2.58707326812695,-10.97380917485,9.25227426208159,-20.1158219640884,0,0,0,1070.8981357084,0.15182340200731,0.032825226208371
65.63,-10.6359492054655,-195.544529804292,-186.765117530613,-46.251020531637,-350.856190032541,-327.439410562798,-19.0430714961526,128.789233313277,125.794007902769,-43.8496963178342,200.848375136904,191.935727340962,2.84073972748743,10.8374900745369,-2.70396852300571,2.77284729960616,50.2326920648564,192.82506050236,-8.04140968479436,13.8913959949525,-1.61586452413471,-34.3694810668544,36.7373315038393,-159.075401085154,-12.6625045508657,17.0351095433579,2.68783332773192,62.6795223318764,120.493239600193,-84.5908042506168,1.67972945179864,9.7987581933628,-1.35845742710196,-4.15121374904759,18.2965626167257,-134.796200319157,-6.31818843004375,10.0331945769743,-0.766855758922983,-15.6689386619179,10.3178528217403,66.3903740596648,-0.373252107293717,10.9959646257322,-2.63402844909171,-11.8202411502315,7.76431351652323,-22.0801144107114,0,0,0,1066.36670432231,0.151350495921892,0.0324864202884907
65.635,-11.6155329958579,-195.916758078114,-189.915814227702,-48.0159077951728,-352.977452706477,-334.376808327466,-18.3990524122713,128.803816776009,126.771425373285,-42.8420222921795,201.534805130552,194.956209471583,3.0324504332552,10.5747820284951,-2.66649545119051,1.73543709510344,49.9641767122889,193.506296524112,-8.33425353377918,13.293890075007,-1.59849667114261,-35.9787432659044,34.7105557795237,-159.985171867472,-11.9095799897349,16.5442486563394,2.61404754118987,59.2116231586145,116.7812989555,-71.4075395805104,1.53022901375472,9.61512790392501,-1.34668069245272,-4.53305961967043,17.7650264079012,-134.530871438571,-6.00108455597574,10.0527151294775,-0.758778766289588,-15.4035711599682,9.94222278936189,67.1420387746469,-0.367238971888617,11.0292935700943,-2.66608047666172,-12.6061806707215,6.31485198890812,-23.9139295653713,0,0,0,1060.18259424536,0.150821360760221,0.0322372330101173
65.64,-12.59455259315,-195.803919458597,-192.408853220903,-49.7860929561693,-354.037032199623,-340.299051045693,-17.75606363402,128.597755650371,127.557131323439,-41.8329146610233,201.821526231436,197.413854197992,3.20654652471431,10.3089414555461,-2.61563034584212,0.692423705009978,49.7106567538203,193.763717351918,-8.56510988743919,12.6685090918921,-1.56455191680378,-37.5133741830003,32.6222599357669,-160.264743102582,-11.0641035203066,16.0116352564579,2.57251252510938,54.3643579995039,112.248435160005,-58.6398635065613,1.40258064990721,9.44558513261058,-1.33165512754072,-4.92160752432635,17.1792994314691,-134.07352762004,-5.67779011895901,10.074379284002,-0.750601434219767,-15.1248772544503,9.51620499705005,67.7043691441777,-0.338146141392165,11.0439432161926,-2.68275809346372,-13.3118830775365,4.93399258540002,-25.6385802426349,0,0,0,1052.28908629774,0.150278216948853,0.032067429570044
65.645,-13.5708221924133,-195.253919852831,-194.271725375198,-51.5563435544477,-354.050119656009,-345.179893030159,-17.115196868644,128.173353075314,128.140256966976,-40.8241892552989,201.745081145059,199.336858378913,3.36114530312365,10.0405098276526,-2.55191860308161,-0.354563902234994,49.4901819523127,193.625927794534,-8.73496108936762,12.0202668910909,-1.5172571522041,-38.9812531643248,30.4905122301199,-159.904404625482,-10.139257009706,15.4403036197946,2.56207713693759,48.2079440926234,106.936741787976,-46.3559746256934,1.2965358469437,9.28960293628244,-1.31345844817742,-5.31154795131181,16.5595878396943,-133.437066330167,-5.35258372396011,10.0951347091463,-0.741712747197967,-14.8448770449203,9.05697060624484,68.1007959248525,-0.293607748063178,11.0412082935435,-2.68384575951276,-13.9231952732907,3.64799271880389,-27.2763931562697,0,0,0,1042.64816573325,0.149777873177259,0.0319521373724383
65.65,-14.5424058139337,-194.316724303705,-195.537608181883,-53.3215403453625,-353.039358182281,-349.002242227423,-16.4775198463589,127.53540445678,128.512615497053,-39.8174813354612,201.34158396714,200.757072634016,3.49462863885236,9.7700586157731,-2.47616874424393,-1.4015495727415,49.3213719451392,193.122151817,-8.84533012589294,11.3546023310568,-1.46022365541765,-40.3917193585707,28.3344872913789,-158.900898765879,-9.14838349058952,14.8345035496208,2.58011035374483,40.8377953884437,100.901227517017,-34.6054202243758,1.21152318458733,9.14638437118607,-1.29214720923906,-5.69806430645807,15.9268038544884,-132.636461284929,-5.03221794328086,10.1101334331685,-0.731443420883453,-14.5750548541432,8.58272005262875,68.3519506294601,-0.244256972565307,11.0216596693859,-2.66953651353112,-14.4317984555673,2.47898837311378,-28.8497444506127,0,0,0,1031.23550106058,0.149378267569254,0.0318549146506557
65.655,-15.5076236016949,-193.043557552425,-196.24465880553,-55.0767107510342,-351.034081134656,-351.758054046438,-15.8440650177959,126.690965712726,128.66877845013,-38.8142506541562,200.646136261192,201.709021700834,3.60568272092161,9.49819189324945,-2.38943398534853,-2.4422484122597,49.2228396434114,192.282120317305,-8.8981776325105,10.6773366351634,-1.39725396476037,-41.7553562425347,26.174038879927,-157.256725879173,-8.10452043503191,14.1996715185675,2.6226232036223,32.3715436064153,94.2099481029071,-23.4187752725008,1.14666485439301,9.01488885646448,-1.26775839165105,-6.07690058366301,15.3021618675532,-131.688304438522,-4.7213915233322,10.1165859658329,-0.719146362071001,-14.326112748033,8.11233225576623,68.4755863680722,-0.197906471359251,10.9868105493477,-2.64018707302095,-14.8352253159989,1.44484532540934,-30.3801356121143,0,0,0,1018.03314885412,0.149122025927791,0.0317393437547588
65.66,-16.4650541989586,-191.486119452906,-196.435262138389,-56.8170580405764,-348.069457908759,-353.448072044576,-15.2158196351024,125.649076538806,128.606083786219,-37.8157889746102,199.692335909371,202.22898184101,3.69333221687968,9.22555349887298,-2.29298763935454,-3.46824709578397,49.2125825115838,191.136022303164,-8.89583378073378,9.99461520599326,-1.33215662473267,-43.0837251570204,24.0292174214804,-154.979304595653,-7.02000343952727,13.5422999682826,2.68444234146345,22.945634261865,86.943666148707,-12.8078269460398,1.10079702516955,8.89386459303278,-1.24031413479589,-6.44438099891219,14.7067687904175,-130.610299670313,-4.4191326760246,10.1162072260978,-0.704262965573733,-14.1077298448116,7.66501034360275,68.4866387009471,-0.155202521417051,10.9401016723336,-2.59611356681523,-15.1366609779145,0.55912705643762,-31.8873398482413,0,0,0,1003.03989884001,0.149032790481072,0.0315829748863496
65.665,-17.4135333155695,-189.695823321816,-196.155247538976,-58.5379858848005,-344.185568844153,-354.081423039463,-14.5937173873889,124.420449542464,128.324577513035,-36.8232295915804,198.511876605585,202.354129451841,3.75696830841876,8.95283746852125,-2.18829275929468,-4.46931306234176,49.3073682098796,189.714486721962,-8.83964239974182,9.31515612477991,-1.26859939856194,-44.3890445307587,21.9197550226319,-152.080041936499,-5.90531529623521,12.8722516827912,2.75930287535054,12.711621549569,79.1949694691675,-2.76625249691421,1.07249375576507,8.7818872641323,-1.20982940855593,-6.7973887474175,14.1612147394664,-129.420730379645,-4.12423145535683,10.1103196486884,-0.686379896492976,-13.9283330083431,7.25992385321365,68.3974010006623,-0.116400600488019,10.8844422259364,-2.53799346848753,-15.3445450678972,-0.168832729881574,-33.3886456015237,0,0,0,986.276514366058,0.149112084250769,0.0313779125616209
65.67,-18.3521486341253,-187.723063711339,-195.453087352655,-60.2351180476869,-339.426432577584,-353.67507753515,-13.9786317012195,123.017137233984,127.826892645804,-35.8375584236744,197.13423358139,202.121771477786,3.79637027606824,8.68079989500078,-2.07696656216646,-5.43381394083942,49.5221396677746,188.048560207319,-8.72846738265498,8.65379354411136,-1.209995723812,-45.6838158055637,19.864541880245,-148.573372012495,-4.76790767608451,12.2062545094738,2.83986258043221,1.83228213226304,71.066812879314,6.72923215063619,1.06009423014342,8.67740478266916,-1.17632224594431,-7.13331387333154,13.685169984339,-128.137924096256,-3.83758755156606,10.0981370202252,-0.665270540665977,-13.7948865374419,6.91584673690507,68.2177859295692,-0.0840579856407375,10.8213522074305,-2.46705164021268,-15.4719992043017,-0.733765950635735,-34.8982193590684,0,0,0,967.804087826854,0.149342151289893,0.0311342237732122
65.675,-19.2802312285077,-185.616518876647,-194.379089417196,-61.904313100349,-333.839010532727,-352.25318947299,-13.3713707537871,121.452189486589,127.118071202289,-34.8596262765955,195.586429415953,201.568664737987,3.81172039827955,8.41027002753092,-1.96074032015636,-6.34922391383127,49.8694621811992,186.169647384637,-8.56506674111581,8.02095774257119,-1.15932627011251,-46.9804015331294,17.8811180212318,-144.475821780449,-3.61620208940363,11.5561369116238,2.91851312905567,-9.52233971464956,62.6704875108571,15.7172829961694,1.06173316750195,8.57878734468701,-1.13982596475156,-7.44998190616026,13.2969940384434,-126.779736842184,-3.56004489774518,10.0787094729778,-0.640906339256613,-13.712709933007,6.6507908555147,67.9556435323229,-0.0602465279840827,10.7519142453968,-2.38491248496186,-15.5361096615888,-1.13422777590074,-36.4266046458782,0,0,0,947.74867725425,0.149696486658151,0.0308676728525317
65.68,-20.1973436911522,-183.422492528541,-192.984594636413,-63.5416741711151,-327.472214152587,-349.846332168802,-12.7726741835617,119.739314044844,126.20533669836,-33.8901619136949,193.892872579736,200.730428000083,3.8036119209774,8.14215831009428,-1.84141555565932,-7.2026901800276,50.3590318570519,184.10938500266,-8.35948730433739,7.4137490823282,-1.11903566911536,-48.2905653089533,15.9852033225122,-139.805158402974,-2.46195329147177,10.9194764125877,2.98823785852804,-21.1788536153284,54.1230632889998,24.2499329243176,1.07537432516647,8.48438154169385,-1.10040260104281,-7.74557531651461,13.0133628573476,-125.363078405521,-3.29205257253871,10.0512270726005,-0.613457667255848,-13.6853334871109,6.48163592529832,67.6171070871847,-0.0461139448357241,10.6769297918818,-2.29354688083703,-15.557098979418,-1.37228976707189,-37.980368399327,0,0,0,926.306741273847,0.150146505852545,0.0305971552062658
65.685,-21.1032651880688,-181.184299383478,-191.321189477236,-65.1435538754656,-320.375940870396,-346.490649818396,-12.1832114241498,117.892551882497,125.097826137685,-32.9297856103373,192.075260671706,199.641047635325,3.77304980294341,7.87745919990572,-1.72081752877716,-7.98163030088387,50.9972609295043,181.899428592307,-8.12037879184379,6.82935122945351,-1.09094755124157,-49.62498685429,14.1902869085377,-134.579665512432,-1.31466305020864,10.2942475594599,3.04230782591081,-32.9643217907179,45.5443906135887,32.3902308546856,1.09884704778705,8.39256681495938,-1.0581565919235,-8.01855901194734,12.8489203211523,-123.90349703363,-3.03372264638594,10.0150103488094,-0.583279440777607,-13.7144011285743,6.42375891632422,67.2069401227292,-0.041961939701729,10.5969429614622,-2.19521945085905,-15.5574228123033,-1.45318254876278,-39.5619000927516,0,0,0,903.738583389247,0.150673914836801,0.0303361558144415
65.69,-21.9979736858101,-178.94169954842,-189.439942041071,-66.7065546991214,-312.60016473143,-342.226946091833,-11.6035815351326,115.92597780354,123.806291682231,-31.9790229093631,190.152540195015,198.332475067565,3.72144392744901,7.61724698313975,-1.60074716849144,-8.67433013928348,51.7869513803606,179.571139872746,-7.85243697865856,6.27108861664239,-1.07619813877229,-50.9927684564657,12.5072943733383,-128.817585700441,-0.1799925329284,9.68490704112198,3.07420473150448,-44.7098592289137,37.053783083468,40.2095603997627,1.12988580901888,8.30181213945175,-1.01324763555415,-8.26761920774953,12.8159604649134,-122.414838495964,-2.78490711360689,9.96950379408101,-0.55088269979389,-13.7996286475668,6.49066839050342,66.7288616578786,-0.0473707179101083,10.5122826592904,-2.09241342243492,-15.5608293029694,-1.38490232879996,-41.1693631913994,0,0,0,880.347233355488,0.151271380925102,0.0300864383077517
65.695,-22.8816256235848,-176.730387555115,-187.390669302536,-68.2275252329019,-304.194106756382,-337.09973304625,-11.0343143610733,113.853434811968,122.342782962815,-31.038318334152,188.140915042379,196.834312044116,3.65059452670169,7.36266335521431,-1.4829327581154,-9.27051247840797,52.7270641134026,177.155173795328,-7.56001403778934,5.74278548473328,-1.0752917820099,-52.4009509968037,10.9443478159808,-122.536754601399,0.937474594002421,9.09607032322493,3.07804182600797,-56.2539737378993,28.7665310247644,47.7846908980701,1.16617262726027,8.21073054854949,-0.965901657771726,-8.4916223517114,12.9241472159962,-120.908990216114,-2.54531309339235,9.91432058519823,-0.516895896792248,-13.9388232062843,6.69365187159317,66.1858314413744,-0.061367962430004,10.4231695850984,-1.98774673861264,-15.5914176361455,-1.1777956564291,-42.7967929521193,0,0,0,856.452024124551,0.151937652362169,0.029848299447961
65.7,-23.7545333359347,-174.581542469642,-185.221242284119,-69.7035527745991,-295.205508338871,-331.156264813259,-10.4758728177553,111.688308663394,120.720321284009,-30.1080488519094,186.05389644817,195.173578050796,3.56266967423375,7.11489618368779,-1.36898280518292,-9.7618483730414,53.812586844434,174.680974927658,-7.24770898464033,5.24753650413173,-1.08813837568467,-53.8540588387472,9.50662938761208,-115.754438922552,2.03349230041496,8.53116208886719,3.04879061881793,-67.4455977646128,20.7904130320498,55.1946240170675,1.2053821057282,8.11812900042056,-0.916418925199003,-8.68959769215221,13.1802786013087,-119.395716475436,-2.31470826496469,9.84946060503077,-0.482020382108632,-14.1279671143915,7.04144670196901,65.5802823673335,-0.0826520311158762,10.3300137084552,-1.8839077992902,-15.6727302064976,-0.844136487730566,-44.4343294706479,0,0,0,832.363194142156,0.152676769409726,0.0296127388116867
65.705,-24.6171405649678,-172.521445806775,-182.976935372698,-71.1319529163592,-285.680028352273,-324.445581193478,-9.92865608317133,109.443346916883,118.952576778407,-29.1885369119868,183.902387984691,193.374552978437,3.46017482611479,6.87514956336746,-1.26034157962405,-10.1423868531037,55.034500059139,172.17620285394,-6.9203610941422,4.78759010546278,-1.1141033386089,-55.3536928598173,8.19635396513199,-108.48737768682,3.10379219190821,7.99232180947771,2.98241455699708,-78.1467756469011,13.2223780516456,62.5173121231915,1.24522865323504,8.02305117542473,-0.865178543179027,-8.86074389924531,13.5881023839792,-117.88258582669,-2.09283303219393,9.77504510213632,-0.446983516191812,-14.3613654562875,7.53994663108797,64.9142929142096,-0.109702020782529,10.2331670685589,-1.78349207998454,-15.8269092051455,-0.397708828314005,-46.0685705195042,0,0,0,808.355945995974,0.153488482798211,0.0293736857885945
65.71,-25.4699964337272,-170.571173752036,-180.699825654517,-72.510256821604,-275.660781049226,-317.017586346958,-9.39300345936541,107.130524761282,117.053558897271,-28.280062912088,181.694799979919,191.458687406331,3.34591451382957,6.64460596962485,-1.15824877800435,-10.4088836286048,56.3798370457259,169.66611453458,-6.58304199610372,4.36427846163154,-1.15207525878832,-56.8981898817901,7.01285085394822,-100.752013763496,4.14372568047163,7.48041103210855,2.87595288348001,-88.2349791900337,6.14556314196132,69.8263390759677,1.28351520548189,7.92481108577489,-0.812638835621177,-9.00445720127686,14.1481897736052,-116.374987134339,-1.87919722638218,9.69080215641689,-0.41249440775049,-14.631853593026,8.19195733698394,64.1896979853923,-0.140834310742759,10.1324084421302,-1.68880045184095,-16.0739437386782,0.146593060044356,-47.6830252644888,0,0,0,784.647519368763,0.15436451078656,0.0291299425566045
65.715,-26.3137282815036,-168.746369554948,-178.428247975967,-73.8361969596208,-265.188027602843,-308.922187140348,-8.86919866908297,104.760958056285,115.037329548639,-27.3828769692867,179.437188559901,189.444572554364,3.2229464124295,6.42438198625108,-1.0637046682311,-10.5610156230176,57.8318312955859,167.172937429462,-6.2409141557026,3.97795806496414,-1.20054491705296,-58.4823647354941,5.9527483783056,-92.5648923023245,5.14807249633681,6.99508464169046,2.72756566713868,-97.6050306862002,-0.37320752621051,77.1876678147178,1.31818251453173,7.82301585478313,-0.759333394851727,-9.12037605324001,14.8578731631555,-114.876226392324,-1.67340620854006,9.59649346699324,-0.379205773568659,-14.9310571366126,8.99701404681179,63.4081415433351,-0.174471254723997,10.027464866941,-1.60182846942921,-16.4310282720996,0.773136643228995,-49.2586473893845,0,0,0,761.384663393697,0.155287708836202,0.0288864170054266
65.72,-27.1490137856624,-167.057100831907,-176.196311331773,-75.1076921056348,-254.299029203032,-300.208514353894,-8.35747435718058,102.344862380572,112.917746795071,-26.4972098933156,177.133415194382,187.347962004595,3.09452813905242,6.21547969354377,-0.977441904436469,-10.6014750262982,59.3701426073276,164.715270175898,-5.8990621188644,3.6280089499197,-1.25768920224605,-60.0973483093731,5.01024925618265,-83.9431945948985,6.11093060345952,6.53494482693683,2.53654060753865,-106.170615842467,-6.28532689308937,84.6565694599722,1.34735783010606,7.71757664642351,-0.70586288408012,-9.20843561830069,15.7112527566358,-113.387692943586,-1.47541663629435,9.49234326693766,-0.347684151719992,-15.2496940024836,9.95127334653359,62.571078607625,-0.209359702352447,9.91850388068113,-1.52426484743743,-16.9120476577486,1.46588717037187,-50.7744244547127,0,0,0,738.645724001305,0.156232758201956,0.0286529446756028
65.725,-27.9765528111975,-165.50780510718,-174.033482039318,-76.3228324273807,-243.028064349399,-290.924247845648,-7.85801657967564,99.891555501078,110.708245398763,-25.6232832771108,174.785323241133,185.181837626745,2.96405729445011,6.01873631706147,-0.899904993677502,-10.5359435481036,60.9711520940256,162.307547525917,-5.56238533126739,3.31291191912276,-1.3214536252043,-61.730531365526,4.17747926395411,-74.9053705483122,7.02561914992426,6.09777956034451,2.30326493086601,-113.865370220284,-11.5616345311933,92.2748533255758,1.36940158071116,7.60870744326016,-0.652882947006354,-9.26892442750619,16.6992754724605,-111.909081154647,-1.28542542979943,9.37887342828081,-0.318391006577169,-15.5779058240381,11.0474892027857,61.6797372962729,-0.244600560517873,9.80595576833594,-1.45739823940291,-17.5271986064013,2.2087020738255,-52.2079995391377,0,0,0,716.459664432073,0.157176086238478,0.0284431670836733
65.73,-28.7970394376357,-164.097325287312,-171.964238890568,-77.4798654647681,-231.406607477037,-281.115063932366,-7.37096908210895,97.4094995131507,108.421658751406,-24.7613186347162,172.392928478583,182.956512679873,2.83500546395326,5.83477512474874,-0.831238171419872,-10.3729540812609,62.6083159756967,159.959603170223,-5.23548482049414,3.03036597691693,-1.38962837151544,-63.3656199159733,3.44488736559593,-65.4718304747643,7.88467745284023,5.68084088851685,2.02917401997183,-120.643522813969,-16.1929349844512,100.068514632832,1.38295049608834,7.49691211530656,-0.601088814405193,-9.30253551625408,17.809887667706,-110.43865211036,-1.10379882798776,9.2568190689567,-0.291674280728733,-15.9056045226935,12.2750802877067,60.7350534926077,-0.279667704161454,9.69042161122488,-1.40206533531805,-18.2827523593942,2.98558050238124,-53.536301529718,0,0,0,694.83501511968,0.15809501948594,0.0282616284693651
65.735,-29.6111346124601,-162.819034965036,-170.007805017481,-78.5771837669755,-219.463660441674,-270.824219727523,-6.89643719260134,94.9063779016079,106.07008494107,-23.9115455299975,169.954620943889,180.679765726801,2.71084716171706,5.66396079173083,-0.771282224775273,-10.1236525258272,64.2525684500121,157.676358359706,-4.9225491482836,2.7774159184424,-1.45991403354323,-64.9828038157358,2.8016726346072,-55.6656570998343,8.67995841756867,5.28111896443009,1.7166841188289,-126.480080621672,-20.189809574887,108.04590607438,1.386955515062,7.38296092406997,-0.551197391889314,-9.31040506368526,19.0282610802397,-108.973519519493,-0.931036255152857,9.12713433285157,-0.267769709737151,-16.222819249878,13.6202920861387,59.7375913826218,-0.314413217828469,9.57267478536509,-1.35864075923935,-19.1809585742882,3.7808673045371,-54.7361619418958,0,0,0,673.790960308165,0.158976521631613,0.0281108641090837
65.74,-30.4194398705727,-161.661051622665,-168.177960525245,-79.6133148818004,-207.226222965165,-260.092285058772,-6.43449118268255,92.3892019838419,103.664797965084,-23.0742086518288,167.4673756339,178.356999717831,2.594985036358,5.50636249833221,-0.719580601024072,-9.80147667158219,65.8727648922502,155.457656467261,-4.6272888691726,2.55039688768587,-1.52997291484399,-66.5590362063901,2.236212224362,-45.5133011526479,9.4027561959566,4.89540800019237,1.36911919727857,-131.37053983001,-23.5817631763217,116.196520779501,1.38071280699831,7.26785820096151,-0.503927762278239,-9.2941329622974,20.3370890081715,-107.509944692217,-0.767717017744569,8.99099069596777,-0.246810545828433,-16.5200292603642,15.0664532065195,58.6874625913571,-0.349037326550557,9.45365046650691,-1.32704925509388,-20.2200860024875,4.57941323610914,-55.7848987753101,0,0,0,653.382401575974,0.159814689769338,0.0279799409988257
65.745,-31.222472540364,-160.606533957952,-166.482939029414,-80.5869142967996,-194.719882999475,-248.957027981779,-5.98516897965969,89.8644406043987,101.216203457783,-22.2495738031988,164.926969725669,175.991421316365,2.49067304111505,5.36172785683303,-0.675394948698117,-9.42177156001861,67.4361578823459,153.298254577631,-4.35281173762191,2.34532822356199,-1.59747305087911,-68.068417733312,1.73646546809992,-35.0452280402995,10.0440709343722,4.52078673616903,0.990606177509366,-135.330113778447,-26.4157768188086,124.490448703892,1.36388630661642,7.15280337856083,-0.459981128763851,-9.25578164322627,21.7169472563674,-106.043627000085,-0.614435516074721,8.84976675841189,-0.228843549213305,-16.7884694783716,16.5943210866205,57.5842551058208,-0.384029568991512,9.33442517212727,-1.30679759448384,-21.3945913765409,5.36669546867825,-56.6608514278121,0,0,0,633.712465227206,0.160611366622736,0.0278564061222104
65.75,-32.0206428289555,-159.634057718449,-164.925410088942,-81.4967618130838,-181.969503256989,-237.453454949379,-5.54847814705994,87.3381665200285,98.7338368115093,-21.4379327838038,162.328203879163,173.584236201961,2.40093967178154,5.22947035939824,-0.637730027976964,-9.00136159845594,68.9088998004996,151.187973710764,-4.1014866131444,2.15875228527147,-1.66012297173846,-69.4826761880207,1.29033186898497,-24.2964882675697,10.5949900043925,4.15549818637044,0.585958073045613,-138.392476169839,-28.7543568414118,132.878537991134,1.33652032767108,7.03914780758323,-0.420021240089053,-9.1978516542742,23.1467119343394,-104.569978415986,-0.471722218094988,8.70503438494778,-0.213848821932682,-17.0203974512038,18.1825081908393,56.4269808427022,-0.420079593147048,9.21619203775665,-1.29702223703933,-22.6954040541277,6.12890450265879,-57.343854878702,0,0,0,614.930743459626,0.161370408913051,0.0277185271129596
65.755,-32.814233142866,-158.718062782243,-163.50254818612,-82.3417616940533,-168.999976194067,-225.614001537001,-5.12439708389364,84.8162126333382,96.226400259756,-20.6396071588981,159.665124981287,171.134856656161,2.32851374309794,5.10867240717962,-0.605367653680349,-8.55809900070035,70.2565667068375,149.112000228813,-3.87503726310757,1.98748624920099,-1.71569706211745,-70.7717294606944,0.88594507950898,-13.3071897899288,11.0468632148609,3.79870825161151,0.16058138553882,-140.608030574961,-30.6731810344649,141.293260133578,1.29904109029604,6.92834985100859,-0.38465625191363,-9.12323468331082,24.6040239575727,-103.084373280377,-0.33767052548441,8.55974512177877,-0.201773182594542,-17.209312859108,19.8079761390855,55.2140479036663,-0.45549632542656,9.1009821071891,-1.29643336780558,-24.1103104898504,6.85300517223953,-57.8156460182664,0,0,0,597.218017863256,0.162098061034098,0.0275462387578633
65.76,-33.6033799570968,-157.829362845857,-162.20618741415,-83.1209467773382,-155.837016656665,-213.46886443802,-4.71287542886656,82.3043310052554,93.7018343785287,-19.8549509219771,156.931247383889,168.641118184413,2.27575545955607,4.99810514682873,-0.576908975195046,-8.11040613514144,71.4446987377188,147.051323103424,-3.67466302579315,1.82805276079187,-1.76206037245798,-71.9043174573188,0.511890652590388,-2.12285580311007,11.3914131398833,3.44991499319436,-0.279640206896739,-142.041734049765,-32.2584426065359,149.650245737768,1.25224636912513,6.82193061624046,-0.354422788118891,-9.03514668902839,26.0657882264673,-101.582367084394,-0.205148617100276,8.41938930255363,-0.192568334656489,-17.3501235214016,21.4465822340308,53.9432605923564,-0.483257209687247,8.99242806076797,-1.30324937337872,-25.6244197234258,7.52678035984985,-58.060199888079,0,0,0,580.761738458433,0.162799866764911,0.0273208969258665
65.765,-34.3880584973074,-156.935708042265,-161.023059457499,-83.8334865739574,-142.507959323986,-201.046460408391,-4.31383369222994,79.8083473273981,91.1674185449628,-19.0843520753357,154.119769328411,166.099502237689,2.24459569280291,4.89626536265963,-0.550823972662938,-7.67682643821401,72.4393522292179,144.983285607243,-3.50102387005823,1.67696578204215,-1.7971895816831,-72.8486869510352,0.15734194143218,9.20534388048509,11.6210084373329,3.10917151448831,-0.728489886156381,-142.770522775831,-33.6039858598354,157.850429020098,1.19728292634868,6.72143238842955,-0.32977270661972,-8.93704533444484,27.5086940151466,-100.059880562657,-0.071398950122857,8.28669549927429,-0.186184620424191,-17.4392546481507,23.0736607064524,52.6118474643772,-0.501387704998412,8.89244618806185,-1.31577461156894,-27.2206890077873,8.13886613115407,-58.063998324625,0,0,0,565.724185483652,0.16347950834131,0.0270304844836824
65.77,-35.1680704484593,-156.002390230507,-159.935110865443,-84.4786992099557,-129.042527199767,-188.373993145388,-3.92716217571389,77.3343033032798,88.6298941551853,-18.3282331703846,151.223780990369,163.505362268694,2.23648636813965,4.80142863076836,-0.525506619758469,-7.27559516360781,73.2076582335581,142.88222599255,-3.35426496285603,1.53103678715496,-1.81919759984556,-73.5733121853996,-0.187884523937291,20.6204960372218,11.7289021549206,2.77729553250682,-1.17956381976089,-142.880409254625,-34.8083158347903,165.78271573771,1.13561190086667,6.62838139841243,-0.311062809883497,-8.83253689199997,28.9097421062766,-98.5133475473544,0.0556415744773773,8.15886270713563,-0.18257798250937,-17.4747007119344,24.6646196949117,51.2165153029776,-0.519499750648263,8.79929840887492,-1.33280845382918,-28.8804875573425,8.6787862189814,-57.8162375843876,0,0,0,552.214449010624,0.164141007360615,0.0266669394078916
65.775,-35.9430348508913,-154.992880486109,-158.919894107471,-85.0560668982634,-115.473537661323,-175.478104913684,-3.55271927954381,74.8885792338716,86.0956038235758,-17.5870508683148,148.23646041367,160.853150404828,2.25236466508075,4.71171691930967,-0.499333797187748,-6.92423789833753,73.7183811116335,140.720179929251,-3.23410651921952,1.38740894092791,-1.82636779458839,-74.0476333735757,-0.533346188241992,32.0599873852883,11.7093652216473,2.45578493680116,-1.62642023827487,-142.463341155106,-35.9715507254672,173.32707208859,1.06896284327421,6.54425604775885,-0.298547532847746,-8.72527818391159,30.246763614602,-96.9398267023996,0.169712952274291,8.03441657882891,-0.181702075166588,-17.4560216132854,26.195534429741,49.7535251285631,-0.545316909045192,8.71195519216679,-1.35304592985167,-30.5841760803082,9.13699229061845,-57.3089845022063,0,0,0,540.271596339265,0.164782501869597,0.0262378053008643
65.78,-36.7123822925149,-153.869488324865,-157.951025535541,-85.5652544678635,-101.837513920104,-162.385586250656,-3.19032933373228,72.4779891623718,83.5706393435488,-16.861294600752,145.151253512689,158.136641970638,2.29263333927886,4.62517789018866,-0.47072576901643,-6.6392019481461,73.9424696003512,138.467617756083,-3.13994634323442,1.2435596374659,-1.81719586142764,-74.242794950809,-0.888050396977693,43.4556920405157,11.5577693505952,2.14668300295845,-2.06272864944643,-141.613928677582,-37.1923732345585,180.357921435814,0.999277587601411,6.47046118213826,-0.292374502411888,-8.61887900357316,31.4989152168338,-95.3370783555654,0.270646305155854,7.91512560537819,-0.183489780162627,-17.3842867355989,27.643717191906,48.2187852478028,-0.580039498901826,8.63145881695669,-1.37489008591996,-32.311680071018,9.50491452238696,-56.5372923398977,0,0,0,529.868240679844,0.165402660965249,0.0257577253950316
65.785,-37.4753524543729,-152.594032371735,-156.998702218573,-86.0061303287701,-88.1751721814033,-149.124114431821,-2.839780126892,70.1098413681199,81.0609908798541,-16.1514844288254,141.962034385456,155.349154979084,2.35715887352667,4.5398723820791,-0.43820586060342,-6.43552368579113,73.853591345109,136.094191614152,-3.07096744252344,1.09728494771044,-1.79043830247772,-74.1323654408244,-1.26057099360937,54.7343061425162,11.2706258418042,1.8524113832591,-2.48241321229179,-140.426158056271,-38.5650275187828,186.747731358423,0.92864560842539,6.40830851065798,-0.292582771390612,-8.5168099367193,32.6471356865335,-93.7036081811529,0.359336569632685,7.80311168048891,-0.187876788885309,-17.2619720461429,28.9882453178827,46.6079559443743,-0.623773150133731,8.55903934137186,-1.39678683226695,-34.0430356331968,9.77502498206782,-55.4992878373766,0,0,0,520.933939899088,0.16599536969957,0.0252475292806267
65.79,-38.2309950166257,-151.128512450261,-156.030268691455,-86.3787891197499,-74.5317581958242,-135.722989665021,-2.50082033780792,67.7919578166846,78.5726896968731,-15.4581682168603,138.663242392746,152.483761570886,2.44528838195318,4.4539659837873,-0.400456904597501,-6.32653388583835,73.4286405677288,133.569470806922,-3.02624427136401,0.946675294046008,-1.74516489933027,-73.6930210317363,-1.65918486907882,65.8178321562373,10.8455906405783,1.57558423944835,-2.87978389345279,-138.990212323312,-40.1764036597393,192.370675093617,0.859232901151751,6.35900285714205,-0.299103466482126,-8.42231967843198,33.6745493238732,-92.0386795291157,0.436912837513695,7.70038879311337,-0.1948018627303,-17.0928166437608,30.2104298491175,44.9165606605351,-0.676385496058954,8.49581292758267,-1.41732075001071,-35.7588878601065,9.94091442609328,-54.1962405064496,0,0,0,513.389203361988,0.166556360492223,0.0247318017572375
65.795,-38.9781738834931,-149.435773373629,-155.010823983982,-86.6835751756209,-60.9572111742537,-122.213837280865,-2.17315710128733,65.5326473041767,76.1119367321725,-14.7819182528225,135.249992807677,149.533488251962,2.5558852638505,4.36582028405881,-0.356372060904797,-6.32360288307409,72.648207534721,130.863647725452,-3.0048416520125,0.790091791429271,-1.68081121335659,-72.9051754289827,-2.09200701069502,76.6242146701932,10.2814498036284,1.31881666834087,-3.24964933368134,-137.389516367609,-42.1032524793214,197.106258139331,0.793206726049323,6.32363362012534,-0.311762543717921,-8.33836494377164,34.5668031634664,-90.3422958770543,0.50469637529946,7.60883604916389,-0.204200769935511,-16.8816461229449,31.2942094069374,43.1400993038008,-0.737517783554354,8.44277003251386,-1.43525817722139,-37.4409235711342,9.9973815192592,-52.6326243375582,0,0,0,507.175895823084,0.167079710644589,0.0242315395169994
65.8,-39.715574639161,-147.480151133711,-153.903858856423,-86.9211058663159,-47.5061381390395,-108.631244533321,-1.85645395902254,63.3406284530157,73.6852095285481,-14.1233274607984,131.718158404949,146.491501696767,2.68738258986273,4.27407933818156,-0.305097780191654,-6.43592788694432,71.4969980054191,127.9482008625,-3.00590113510109,0.626151742511652,-1.59722626687467,-71.7535393257233,-2.56710372137369,87.0681282941576,9.57810158336651,1.08453970436933,-3.5874063387381,-135.698112084041,-44.4095797186924,200.842811370908,0.732658762527953,6.30317061530379,-0.330285313630701,-8.26755501713792,35.3123267380602,-88.6151543720731,0.564152378194709,7.53017671618972,-0.215999005475051,-16.6341708381174,32.2264564616396,41.2741604640789,-0.806605170307844,8.40076637350957,-1.44958109005657,-39.0722225765061,9.94053225145337,-50.8161809815593,0,0,0,502.27326398842,0.167563324679025,0.0237608768406146
65.805,-40.4417151024136,-145.228092650233,-152.67191294995,-87.0922938040058,-34.2375875379182,-95.0133020211712,-1.55032945709186,61.2249003860186,71.2993404663709,-13.4830053603157,128.064420096294,143.351276884396,2.83785217013663,4.17774712890627,-0.246066968512451,-6.67036564906237,69.9641910232737,124.796505363109,-3.02871042992528,0.453729916989668,-1.49471026920243,-70.2275940027279,-3.09256647461626,97.0619161892415,8.73655141565931,0.874832902857662,-3.88910248673264,-133.978452126444,-47.1442787758691,203.480764839058,0.679529325708024,6.29846337426495,-0.354302375627327,-8.21211198713982,35.9025055741754,-86.858570926886,0.616839480743014,7.46596337426126,-0.230103957162549,-16.3567676104691,32.9971862259563,39.3145306363016,-0.882901001360234,8.37051606332443,-1.45951090678611,-40.637514695594,9.76788642263599,-48.7579919685821,0,0,0,498.695878317982,0.168004385807923,0.0233240934103369
65.81,-41.154958805924,-142.648740702216,-151.277241536641,-87.1983668900416,-21.214617207172,-81.4020221585966,-1.25435665300082,59.1945608182605,68.9615599102309,-12.8615739323944,124.286285584371,140.106744443897,3.00508627450733,4.0762522970751,-0.179020819214861,-7.03131454277372,68.0437243350298,121.384384897748,-3.07275252399369,0.27197972304332,-1.37403760238601,-68.3219652419013,-3.67653300705207,106.516674660774,7.75893413604234,0.69128404084494,-4.1514703512578,-132.279679112232,-50.3390731837585,204.935629763207,0.635535297340368,6.31024296625972,-0.38335658113465,-8.173846851559,36.3317623658897,-85.0743770227831,0.664360712810187,7.41756886241121,-0.24639695673178,-16.056253615785,33.5996617828553,37.2572998029469,-0.965500675107426,8.35258647025231,-1.46452144212136,-42.1233335793258,9.47848736665826,-46.472565371409,0,0,0,496.482754327481,0.168404453726212,0.0229205505901575
65.815,-41.8535311869162,-139.714476198565,-149.682481695916,-87.2408851821508,-8.50365842184636,-67.8436105017266,-0.968063785698934,57.2585734604302,66.6794988119158,-12.2596635522423,120.382076030525,136.752414327072,3.18668813104677,3.96949713122838,-0.104018302392026,-7.52065060742446,65.7344983600298,117.690601214948,-3.13773219625372,0.080375472988239,-1.23646123779822,-66.0366859862693,-4.32714730198573,115.343475082738,6.64857389019629,0.534883990472884,-4.37193406074086,-130.636433073324,-54.0068511436004,205.140628775798,0.60210430678625,6.33912547729844,-0.416910636393828,-8.15415099525913,36.5975427982791,-83.2647883830399,0.708318938008182,7.38618240075691,-0.264725415260076,-15.7396611173245,34.0303926247425,35.0989637594534,-1.05336153117021,8.34739457029259,-1.46434038019809,-43.5180630259868,9.07301042475391,-43.9779394131535,0,0,0,495.68308974966,0.168765974009304,0.0225423406092506
65.82,-42.5355382397216,-136.401410561198,-147.851308024193,-87.221753605244,3.82631538135236,-54.388569991914,-0.690936341207684,55.4254888983005,64.4611464998856,-11.6779091431681,116.350881814939,133.283473314433,3.38016670965687,3.85788867622727,-0.0214329264073138,-8.1377219471779,63.0404918845001,113.697279479703,-3.2235788002256,-0.12122604726691,-1.08369619240624,-63.3773390345864,-5.05245561649097,123.454709331765,5.41008675060651,0.405963383727151,-4.54859111003597,-129.06820549082,-58.1404818693489,204.048925415373,0.580317466476057,6.3856163974082,-0.454354978986,-8.15400205857589,36.7002061613706,-81.432246073586,0.75027895410234,7.372810058208,-0.284895038651533,-15.4140213578836,34.289027415235,32.836524228881,-1.14531638462323,8.35520473686866,-1.45893887211814,-44.8118768130207,8.55386495517736,-41.2958020317487,0,0,0,496.346708641161,0.169090549933224,0.0221807614360658
65.825,-43.1989873481231,-132.689821680042,-145.749068379704,-87.1432296063473,15.7047997793123,-41.0916231961727,-0.422420714457383,53.7031253499563,62.3147608243043,-11.1169466957011,112.192489493199,129.695854394346,3.58303098479813,3.74235078208599,0.0680629112263629,-8.87940489920595,59.9707853588673,109.390268482649,-3.3304254395018,-0.332509276414326,-0.917881381675956,-60.3550744860949,-5.8602411994324,130.765539166496,4.04952446426865,0.30417622919993,-4.68017429062035,-127.579235011802,-62.7122045396387,201.635412850426,0.570862639688863,6.45011530036289,-0.495015648532515,-8.17398292906947,36.6428240592724,-79.5792313583359,0.791737484790934,7.37827861841912,-0.306661992276554,-15.0861653035399,34.3781453289805,30.4675880234542,-1.24007973024321,8.37612801698602,-1.44850925127944,-45.9965787135132,7.92528390799899,-38.4516216576859,0,0,0,498.519832783334,0.169377135991862,0.0218276343384236
65.83,-43.8418099865826,-128.564527692022,-143.343390657598,-87.0079249643338,27.0609284027349,-28.0114432778042,-0.161929625133757,52.0982178647727,60.2487294897114,-10.5774102806921,107.907283001899,125.986276723004,3.79287891728783,3.62431689570684,0.163524930582972,-9.74022359033762,56.539490616901,104.759435147297,-3.45856595353355,-0.552615715524047,-0.741521087479131,-56.9865005345175,-6.75780543461065,137.195423992521,2.57455063980124,0.228534004812444,-4.76600010155033,-126.158919049197,-67.6736730699024,197.898028733517,0.573999827860074,6.53292032215266,-0.53816203131608,-8.2143125037924,36.4308934883791,-77.7080567357906,0.833825362778237,7.40315468842789,-0.329723000116545,-14.7625480589171,34.3029535841104,27.9904662301659,-1.33652856563269,8.41005662795171,-1.43344296510802,-47.0653547202111,7.19339437501544,-35.4747806966575,0,0,0,502.249841862838,0.16962454136312,0.0214778467658574
65.835,-44.4618859542235,-124.015193528293,-140.604752166348,-86.8188011056435,37.8247717380876,-15.210190559254,0.091150607679697,50.6160465627368,58.2713832532332,-10.0599296663461,103.496122869283,122.152255645186,4.00747679891745,3.50570433043147,0.263773596396372,-10.7125320025338,52.7655887732237,99.7988926638595,-3.60839242939575,-0.780060392954631,-0.557409032506171,-53.2934503513684,-7.75170747735079,142.669695673996,0.994633765596123,0.177491763417767,-4.80591081393794,-124.782697706624,-72.9567224144252,192.858568120585,0.58953984226528,6.63423204037659,-0.583014552733487,-8.27488696131412,36.0719731797147,-75.820636928616,0.87616773316633,7.44742081647585,-0.353699703043386,-14.4491026876898,34.0709015991537,25.4042736511608,-1.43484014870491,8.45640732086684,-1.41433133736378,-48.0124539728479,6.36626224684036,-32.3986996392681,0,0,0,507.599120915057,0.169833536861037,0.0211299638072964
65.84,-45.0570687832191,-119.036565798884,-137.507003815479,-86.5791574440612,47.9287323163658,-2.75285796378138,0.337450889665719,49.2600563971092,56.390763643996,-9.56512862788388,98.9602076922575,118.192083090608,4.22482530953653,3.3888715666256,0.367438097443246,-11.7867546634696,48.6726807550306,94.5071612656949,-3.78031718464056,-1.01265825267854,-0.368539551166855,-49.3026319370623,-8.84747774594157,147.121143969328,-0.6787644674711,0.149085322183339,-4.80021727382209,-123.413352605507,-78.4748947420413,186.562970230988,0.61683699607431,6.7541564258129,-0.628752554180636,-8.3553304850374,35.5752543682229,-73.9182450824046,0.918823704381199,7.51113229836089,-0.378140185873538,-14.1511279085469,33.6912245802685,22.7090276298221,-1.53449345607417,8.51461572614133,-1.3918253632488,-48.8328181985756,5.45390427063612,-29.2609366451474,0,0,0,514.665646680268,0.170007285844466,0.020778023186014
65.845,-45.625211943858,-113.628632127897,-134.027842002697,-86.2926124507186,57.3089986685725,9.29356486060776,0.577608301719466,48.0314824107931,54.614349909336,-9.09362401581808,94.3009224132458,114.104779508456,4.44320954474795,3.2765607854513,0.473005112902002,-12.9516788153715,44.2886571980894,88.887260371485,-3.97468423457216,-1.24746972638296,-0.178011406864705,-45.045171677912,-10.0493226659705,150.491572210174,-2.43203122400698,0.141115582376443,-4.74964844084002,-122.002653981938,-84.1257281185115,179.08105866577,0.654796139202606,6.89270658720965,-0.674522665295373,-8.45505457389745,34.951079239502,-72.0012609338377,0.965133027180106,7.59524494306571,-0.402514774322474,-13.873212709692,33.1744314593411,19.9057441366252,-1.63137566176716,8.58480466140398,-1.366458440457,-49.5216817735679,4.46826134740244,-26.1032452899893,0,0,0,523.5956061672,0.170154723960999,0.0204129350424189
65.85,-46.1641954528161,-107.796701791703,-130.149221786346,-85.9630773638485,65.9070173740932,20.8610925412295,0.812253278212475,46.9289952986445,52.948751939436,-8.64602562508079,89.5196781475378,109.890019316123,4.66123127436047,3.1718282832128,0.578869752452375,-14.1947876808817,39.6452961771223,82.9467307580286,-4.19167606624275,-1.48077390300972,0.0110696821182446,-40.5560656772964,-11.3598387420061,152.733280341801,-4.24930243064756,0.151372436171992,-4.655311695884,-120.493285305974,-89.7937689326251,170.505719877504,0.70189397378033,7.04980306816804,-0.719447958280727,-8.57332513080826,34.2104224285873,-70.0689191079476,1.01859624609274,7.70055470233553,-0.42620986202231,-13.6191993201713,32.5317541874735,16.9965277967723,-1.7209677806604,8.66696792297105,-1.33874040317323,-50.074166149607,3.42312768523527,-22.971572257397,0,0,0,534.577099977134,0.170295028147441,0.0200145778802518
65.855,-46.6719524806686,-101.551405570302,-125.857705645529,-85.5947226601248,73.670940744594,31.8818878715766,1.04199518869996,45.9483820974089,51.3993778650622,-8.22293688243485,84.617748529025,105.548032582742,4.87782270591881,3.07796564783411,0.683386208818719,-15.5026215614676,34.7777984253235,76.6975857718983,-4.43122200396461,-1.70807614118197,0.195683811504688,-35.8735555386907,-12.77975338422,153.810431606789,-6.11244699085954,0.177886691875882,-4.51866547621783,-118.820975374841,-95.3542254545428,160.951512234547,0.75621422904831,7.22527248835369,-0.762638091501126,-8.7093363430198,33.3643531508304,-68.1190668688111,1.08050050073748,7.82701296713603,-0.448528623559268,-13.3921841761854,31.774577493617,13.9846515864706,-1.80075514619762,8.76041014484659,-1.30920452016138,-50.4848935473397,2.33403128422767,-19.9159771325936,0,0,0,547.803586399333,0.170446166842224,0.0195671895918865
65.86,-47.1464955510973,-94.9086140858309,-121.144742885642,-85.1919376243143,80.5570071621582,42.2895208869373,1.26740656887806,45.0822760356593,49.9700867454151,-7.82495634375221,79.5961077366008,101.079486325741,5.09224201206882,2.9984146209963,0.784915941353645,-16.8611513040441,29.7242703770739,70.1561914090007,-4.69291450276741,-1.92415482427588,0.372979560269561,-31.0384470476278,-14.3077081232808,153.700260066975,-8.00115779424891,0.219194298812716,-4.34150329190696,-116.916772255799,-100.677136982461,150.552708557705,0.81549592970614,7.41884436013468,-0.803200569215262,-8.86228995243945,32.4234976016046,-66.1479414443738,1.15135947379416,7.97424470443774,-0.468677879855152,-13.1945545470709,30.9138701145768,10.8746212937273,-1.86877374993888,8.86415542900161,-1.27827408571319,-50.747645274906,1.21806209981362,-16.990457849511,0,0,0,563.417796825729,0.17062423225894,0.0190615387843698
65.865,-47.5859419285017,-87.8892754809673,-116.006875574604,-84.7592835650516,86.5308118526306,52.0203107074769,1.48900630992404,44.3199482092381,48.6628381465644,-7.45267996628423,74.4552754936632,96.4853493624186,5.30405181273072,2.93667845776163,0.881871569953323,-18.2561474425971,24.5251656330515,63.3430763467764,-4.9759393178779,-2.12314942015344,0.540342213865564,-26.0933910804456,-15.9400971736062,152.394078790804,-9.89316517806158,0.274593368853639,-4.12594609238643,-114.709400056563,-105.631894379845,139.460788821062,0.877193659472523,7.63014596804703,-0.840253184480468,-9.03147792303129,31.3975227794736,-64.1499773647337,1.23155913046324,8.14176008809458,-0.485765562740936,-13.0280564319759,29.959639797894,7.67221955261491,-1.92298512624654,8.97712481962007,-1.24618384285613,-50.855089257511,0.0936451498433724,-14.2526674179819,0,0,0,581.453698630003,0.170836592086622,0.0185074252837882
65.87,-47.9885378027555,-80.5191748506068,-110.445867824475,-84.3014414253423,91.5684279416886,61.0147139486846,1.70724216995303,43.6471720057125,47.4773513601815,-7.10670409488407,69.1951742798985,91.7667451249521,5.51308264541531,2.89623236976641,0.972755087814981,-19.6735282461136,19.2226954044964,56.2826745652109,-5.27902467284997,-2.29868928790352,0.695444561937863,-21.0821460782399,-17.6709710481363,149.898052760598,-11.7645792610164,0.344371669984343,-3.87443861965877,-112.127646808758,-110.091916792693,127.841416847974,0.938548408002682,7.85869528447383,-0.872937654011297,-9.21636584467296,30.2946635358074,-62.1176540331775,1.32136198874117,8.32895578319968,-0.498808718344424,-12.8938873591834,28.9204347459098,4.38452431457696,-1.96131686352022,9.09814916229064,-1.21294745203355,-50.7985988925715,-1.01974312930712,-11.763510084357,0,0,0,601.798110112915,0.171082660444919,0.0179214052745902
65.875,-48.3526808988674,-72.8286192224468,-104.468756275423,-83.8231547203857,95.6573409914074,69.2187207812556,1.92247301598277,43.0461692059866,46.410787469285,-6.78762907634753,63.8150037073659,86.924797208384,5.71938414971465,2.88043533542644,1.05618949555992,-21.0996710237815,13.8602182495664,49.0030048551991,-5.6004133273261,-2.44405999042432,0.836278833963636,-16.0488406447532,-19.4920113576232,146.233706166225,-13.5903567358766,0.429981002144247,-3.58974498659779,-109.102738691089,-113.939269180237,115.870954973821,0.996667296793109,8.1038920188276,-0.900434362310951,-9.41667375755577,29.1213142874349,-60.0413929870333,1.42090868303997,8.53511426850409,-0.50674885838094,-12.7928059889645,27.8029134777993,1.01989701269099,-1.98171870520836,9.22598514156665,-1.17834232308109,-50.5681810943355,-2.10191581044371,-9.58660797569125,0,0,0,624.183558014968,0.171355874759825,0.0173324272594515
65.88,-48.6769411643156,-64.8520530896882,-98.0878207810317,-83.329168896275,98.7971648222203,76.5852181745987,2.13495123851384,42.4956445062542,45.4574674132937,-6.49606339359056,58.3131365514484,81.9604726639488,5.92316718154494,2.89244521689703,1.13094349051604,-22.5216732620599,8.48161907304574,41.5352931055771,-5.93785991319705,-2.55240142451398,0.96116991236909,-11.0372533959642,-21.3925792721741,141.438140471619,-15.3448763975289,0.534135656262047,-3.27493930275334,-105.570661681828,-117.06899863309,103.732592884883,1.04861020467774,8.36500706239804,-0.921977991749184,-9.63245050571124,27.8817054495751,-57.9095130409174,1.53021756011811,8.75940190630116,-0.508475371569949,-12.7252490897569,26.6115033649912,-2.41206360452887,-1.98223286891711,9.35933626475112,-1.14191427243344,-50.1525256832554,-3.13237304049293,-7.78763254850719,0,0,0,648.213412527018,0.171651523347265,0.0167640767712891
65.885,-48.9600792169099,-56.6276105187569,-91.3204755049252,-82.824168335572,101.00011214041,83.0752795520925,2.34480580267984,41.9709128331177,44.6086386511906,-6.23262819204804,52.6870403084014,76.8744281607194,6.12474033401685,2.93513877400208,1.19594935789303,-23.9275533092096,3.1306870172213,33.913544632108,-6.28865418733488,-2.61693003180067,1.06877142940645,-6.09012529223499,-23.3598365758484,135.563947159211,-17.0025971859897,0.660815321453205,-2.9333886363903,-101.474395945991,-119.39297582285,91.6121895871842,1.0914810511749,8.64117078907908,-0.936873645286627,-9.86413729036082,26.5776822908885,-55.7082498066499,1.64918263059351,9.00086644747483,-0.50285715177469,-12.6914456436868,25.3481654137148,-5.90060497475703,-1.96107696058593,9.49688054481518,-1.10300312901897,-49.5391816023674,-4.09075451559398,-6.43349883567574,0,0,0,673.411427573253,0.171970325548254,0.0162267559856826
65.89,-49.2010622703996,-48.1966106979852,-84.1890818788211,-82.312712335073,102.291200099886,88.6593410559859,2.55202640918877,41.4441213018251,43.8523020027338,-5.99796205505323,46.9332273990043,71.6668641063193,6.32444438288413,3.01103784418842,1.25031464083265,-25.3063841334528,-2.14949839656391,26.1740748496527,-6.64966908662691,-2.63117581668898,1.1580475838636,-1.24851752662049,-25.3789349691956,128.678807064281,-18.5387641129791,0.81515840551636,-2.56872766047195,-96.766030301878,-120.843051391607,79.6939485539103,1.12252124618229,8.93136088399126,-0.94451290875859,-10.1126158549044,25.2086005890077,-53.4218440400434,1.77757038565503,9.2584348472097,-0.48878195137422,-12.6915176283447,24.0122792673757,-9.43394330923583,-1.91673696121887,9.6373065641128,-1.06078884959358,-48.7148582600261,-4.95734417491382,-5.59142457943854,0,0,0,699.285037179742,0.172320872590236,0.0157202218940853
65.895,-49.3990772929171,-39.6030045035251,-76.7206860998432,-81.7991714437846,102.708178257779,93.3182268574212,2.75644923462705,40.8845650876922,43.1731088114096,-5.7927258735427,41.0472363021427,66.3373916367363,6.52258802481865,3.12224269005828,1.29332847111699,-26.6483578772405,-7.31716366571713,18.3550072262819,-7.01743082010732,-2.58922393329558,1.22824441151205,3.44877418073099,-27.4332664001301,120.864776420409,-19.9301221864473,1.00323952366325,-2.18482651645002,-91.4087235914032,-121.373374190089,68.1560631313684,1.13920258948411,9.23439057261288,-0.94438917842478,-10.3792367568316,23.7713491637801,-51.0327009722432,1.91501604924117,9.53091241297094,-0.465202283313137,-12.7255574771779,22.6006579011961,-12.9994256120528,-1.84806697448877,9.77935923378086,-1.01435609400795,-47.6658429910508,-5.71362346525015,-5.32786083494918,0,0,0,725.384115895276,0.172711654303692,0.0152289960028051
65.9,-49.553541193943,-30.8927802051329,-68.946685022581,-81.2876655728549,102.301174185744,97.0439894018786,2.95774470422821,40.2590939201549,42.5523367785578,-5.61760764871484,35.0236449655041,60.8849170563754,6.71938797572135,3.27037331640752,1.32446360865456,-27.9447832099396,-12.3324110656414,10.4957476800257,-7.38820683101337,-2.48595022637841,1.27885474819028,7.96574017004792,-29.5047648247779,112.217267896233,-21.1555970456132,1.23173431334261,-1.78575516762278,-85.3784767104102,-120.961766249958,57.1664799350401,1.13931673007752,9.54889828454768,-0.936111513115959,-10.6658235209581,22.2605041308126,-48.5216203475487,2.06101978281699,9.81698438702294,-0.43118603072211,-12.7936733694722,21.1076961501091,-16.5837300180194,-1.75439175675431,9.92189587873024,-0.962773685239876,-46.3785186030644,-6.34286837724053,-5.70730544090406,0,0,0,751.341722122278,0.173153395616772,0.0147299676837669
65.905,-49.6641078779951,-22.1133368104264,-60.9024253960244,-80.7820052728528,101.132060000516,99.840535059612,3.15540772141745,39.532603437883,41.967950734067,-5.47332706464355,28.8561168142859,55.3075478369498,6.91491608836748,3.45651942925468,1.3433752739531,-29.18802153987,-17.1577525534985,2.63644441814124,-7.75810654022849,-2.31724104103458,1.30958121575207,12.2696055580677,-31.5742479738981,102.843742796974,-22.1969039552133,1.50748420004984,-1.37574835601955,-78.6656740945259,-119.610104566218,46.8789303581021,1.12105820772271,9.87333988472759,-0.919416264930871,-10.9746491523485,20.6686137386224,-45.8680944312078,2.21494321642814,10.1152210606073,-0.385969343300723,-12.895995332076,19.5256512533306,-20.1731018977227,-1.63560751802898,10.0639522871085,-0.905184077023799,-44.8399587478588,-6.83078384565189,-6.79101573851591,0,0,0,776.88254881947,0.173645830595912,0.0142081625428014
65.91,-49.7306720469617,-13.3128337933478,-52.6267423800347,-80.2856375174719,99.273551076265,101.72401122198,3.34875073814551,38.6686033456474,41.3947523097477,-5.3606396713592,22.5374786568896,49.6025236765631,7.10905566916127,3.68119964219275,1.34989778949097,-30.3713716974358,-21.7585985715124,-5.18255825347987,-8.12319311272109,-2.08021067279692,1.32030116128664,16.3312020771974,-33.6217864536055,92.8621380513422,-23.0390618667632,1.83696289801964,-0.959177896726074,-71.2763479313241,-117.343718005123,37.4293733339235,1.08309812788277,10.2059846241755,-0.894175793783121,-11.3083825094228,18.9866062956581,-43.0506689039255,2.37600648065025,10.4240874128192,-0.329008965227396,-13.0326375865257,17.8450473888665,-23.7536218056165,-1.49227610001241,10.204817117399,-0.84089701066184,-43.0385740579074,-7.16616676638443,-8.63564190698868,0,0,0,801.802994042474,0.174184420736389,0.0136553460092355
65.915,-49.7533696773618,-4.53952608000467,-44.1614441308617,-79.8015972378392,96.808055926346,102.722937281719,3.53689999928265,37.6298522273557,40.8046200450452,-5.28034052704704,16.0598288624002,43.7661753952391,7.30146864678878,3.94433051494067,1.34403989711522,-31.488915500988,-26.1036925866087,-12.9212643063538,-8.47959267369573,-1.7733572695456,1.31103711194142,20.1252595840476,-35.627086848645,82.3990584523786,-23.6707708379981,2.22572354191689,-0.54052699454776,-63.2331139780764,-114.20986455684,28.9329760677824,1.02464568083567,10.5449158946771,-0.860403675589339,-11.6700033539873,17.2043074287024,-40.0473594506063,2.54328569925913,10.7419580588288,-0.260030904969078,-13.2036155254329,16.0551901739057,-27.3115000624566,-1.32570743584272,10.3441116495363,-0.769481082956266,-40.9647792364732,-7.3415855967435,-11.2918070902009,0,0,0,825.932092393162,0.174753021485141,0.0130846606735036
65.92,-49.7325751434123,4.15890678989635,-35.5507499592087,-79.3324657207289,93.8263034221479,102.878068963251,3.71879523439906,36.3790470233149,40.1668389590408,-5.2332671597907,9.41467345127819,37.7939136283685,7.49157469051412,4.24520601556486,1.32597940778618,-32.5353384915813,-30.1654824952635,-20.5405614818326,-8.82358277383748,-1.39659426222492,1.28193550144026,23.6306151872337,-37.5698754231187,71.5877707371125,-24.0846173233657,2.67791588577703,-0.124356021575735,-54.5757262204967,-110.275405358,21.4817346179619,0.945495003658729,10.8880377179225,-0.81825596950287,-12.0626864340958,15.3110471846192,-36.8361150721182,2.71571070963954,11.0671379810372,-0.179072351466957,-13.4087189767517,14.144771748073,-30.8333915933432,-1.13802522363408,10.4818704261454,-0.690847035335876,-38.6116510081248,-7.35406018464753,-14.8026649184997,0,0,0,849.091052231243,0.175337850265269,0.0125238499862332
65.925,-49.6688950014516,12.7360283921535,-26.8406901353244,-78.8803368209332,90.4257799592214,102.241992910098,3.89319300252214,34.8795536246484,39.4485161421582,-5.22030172352802,2.59308725253793,31.680248414855,7.67854281239557,4.5824880097298,1.29605758741127,-33.5057409782234,-33.920420616581,-28.0027415767247,-9.15168342608522,-0.951319630446105,1.2332548874032,26.8303392637036,-39.4302695222409,60.5660413532625,-24.2771705109043,3.19575929921482,0.28472130628615,-45.3611999446923,-105.6238334439,15.1428049872253,0.846055292249033,11.2330876648115,-0.768028310194715,-12.4896566337154,13.2963326346911,-33.3953177523975,2.8920626405643,11.3978891111766,-0.0865139640855544,-13.6473468085597,12.102542646693,-34.3067236275031,-0.932211050650355,10.6186170029748,-0.605317200844906,-35.9755491156255,-7.20572019023972,-19.2024688797591,0,0,0,871.067520486671,0.175923086094195,0.0120079212459538
65.93,-49.5631584959689,21.1473010965012,-18.0784758506711,-78.4467917477639,86.7090146337007,100.878456057045,4.05867382147954,33.0961637914152,38.6150765248977,-5.24237223848389,-4.41410299116658,25.418839909722,7.86129543826479,4.95420837522888,1.25477341580511,-34.3954543562676,-37.3491849688864,-35.2719998108126,-9.46075445004486,-0.440531895951843,1.16536426707486,29.7117789376657,-41.1891248484617,49.4738640576399,-24.248987322231,3.77900240321845,0.682054773411698,-35.6634598813059,-100.351843959343,9.95758056707359,0.727362588646766,11.577656595759,-0.710148821684714,-12.9540189512683,11.1505579134326,-29.7043071155807,3.0709709207234,11.7324623496575,0.0168999098237118,-13.9183112255441,9.91802341616531,-37.7200280503416,-0.712122820601929,10.7554279694329,-0.513676620748249,-33.056677140184,-6.90441447816447,-24.5151910900297,0,0,0,891.613882209287,0.176500334215668,0.0115701524820899
65.935,-49.4164048923893,29.3507207159575,-9.31184816002511,-78.0328829740566,82.7817547415193,98.8614418720271,4.21365313482044,30.9958626682073,37.6308307314275,-5.30045282240152,-11.6161167835355,19.0025796294609,8.03852441461894,5.35778329796831,1.20277760368081,-35.1998765056509,-40.4368159300048,-42.3149079742048,-9.74806170857124,0.131197066231923,1.07875062395934,32.2665209514211,-42.8283483701844,38.4511267108158,-24.0044696786181,4.42458243024004,1.06300354931396,-25.5724821889333,-94.5656467447238,5.9415165651966,0.591072272262591,11.9192152544858,-0.645167090312985,-13.4585687552545,8.86572120038473,-25.7439180986699,3.25090932830631,12.0691340773832,0.13005494692736,-14.2196231008703,7.58222694989695,-41.063269617457,-0.48248427456023,10.8939777619141,-0.417202714010189,-29.8595662952285,-6.46423764088036,-30.7532302323676,0,0,0,910.471985434859,0.177068207584008,0.0112289131019772
65.94,-49.2298677871581,37.3074210462617,-0.588414943175679,-77.6391275897823,78.7510768549458,96.2740128015941,4.35639608759117,28.548590554172,36.4596048762276,-5.39556283476244,-19.0220024722024,12.4237009036688,8.20871794155281,5.79004021027779,1.14086603402895,-35.9143380690772,-43.1727642426061,-49.100856229083,-10.0113169607502,0.757841021941495,0.974033906370654,34.490277309315,-44.331168648559,27.6352686750049,-23.5516141184776,5.12646885410108,1.42301320227378,-15.1929158628528,-88.3772214170132,3.08466960223555,0.439431937880351,12.2551473578027,-0.573739666474759,-14.0055893160714,6.43611713529021,-21.4970194093924,3.4301908201834,12.4062456721465,0.25147564241407,-14.5482721754753,5.08836187505728,-44.3281609131279,-0.248843636152203,11.0365567095328,-0.317671874639528,-26.3934727408603,-5.90593405385002,-37.9162496943714,-7.6252784484478,0.200530778791601,-0.0452082075103561,927.414904102821,0.177632976334332,0.010980366946904
65.945,-49.004956592135,44.9822390046617,8.04501493102114,-77.2655101885936,74.72348023781,93.2069449564184,4.48503599869719,25.7279822212277,35.0654203543655,-5.52876487150817,-26.6404073491697,5.6739165883544,8.3701969908993,6.24725767026356,1.06997211845367,-36.5340087444842,-45.5508486277355,-55.6024583904759,-10.2487054813811,1.43205401233454,0.851987483671562,36.3826986391648,-45.6823577433221,17.1589810023047,-22.9017068131212,5.87564627079996,1.75771860566588,-4.6421897491837,-81.9007002082103,1.3528935971307,0.275235013672417,12.5827884286799,-0.496612774377784,-14.5966449413583,3.85897354944065,-16.9490405798492,3.60696108951021,12.7422440308463,0.379349574457098,-14.9000177663165,2.4324879444976,-47.5084548676724,-0.0175008949033324,11.1860553255728,-0.217342790274975,-22.6726864536726,-5.25713544296001,-45.9901871868841,26.8441130154158,0.196722778180446,-0.0432471462077464,942.283251502638,0.178206065492838,0.0107958704770699
65.95,-48.7432354387463,52.34423067764,16.5430909508936,-76.9114951417925,70.8030093600736,89.7571870066257,4.59759633308867,22.5120668782539,33.4132101378966,-5.70116156252604,-34.4793382035078,-1.25541839003983,8.52115939552028,6.72521824015146,0.991157437932708,-37.0538496380756,-47.5691239470984,-61.7959152726865,-10.4588973281861,2.14534566724065,0.713561102568524,37.9471218623289,-46.8684014631932,7.14800105444489,-22.0689752026607,6.66027635956012,2.06307770430235,5.95186571487615,-75.2490369874605,0.689613046190777,0.101756135820816,12.8994692473692,-0.414603083218544,-15.2323790725502,1.1350031307209,-12.0884756971539,3.77919107943702,13.07572066833,0.511566753902452,-15.2692066161924,-0.385903838843043,-50.6002058342011,0.204595127253825,11.345909142723,-0.118917441453184,-18.7167562608624,-4.55238585079875,-54.9464763214601,48.9495017858086,0.192896243544534,-0.0426959290517122,954.984917920311,0.178801112224779,0.0106276174366711
65.955,-48.446399798836,59.3671279821237,24.8625644275963,-76.5760478877244,67.0894508136896,86.0261802210113,4.69201589214312,18.883911810907,31.4695568326802,-5.9138911386083,-42.545915216489,-8.37312244553202,8.65972950420404,7.21927409385473,0.905599996768475,-37.4686144600212,-49.229663789049,-67.6613303337743,-10.6410439368198,2.88829282381702,0.559903196639338,39.1902604233073,-47.8776174045314,-2.28094871386924,-21.0702144860611,7.46604103988121,2.33553144203832,16.4538292531816,-68.5310851272958,1.01808241835939,-0.0773300520003037,13.2025624767422,-0.328577507600119,-15.9123273679931,-1.73115636587677,-6.90735233505298,3.94466901025138,13.4054466674764,0.645772945454895,-15.6486345913258,-3.36341084551106,-53.6019906472089,0.409977135460296,11.5200003860574,-0.025481522229635,-14.5506403959125,-3.83290910484951,-64.7415187097235,74.4137580393804,0.189199816762729,-0.0423109158632595,965.440716838675,0.1794277678296,0.0104231197410334
65.96,-48.1162511743217,66.0297249029174,32.9629065473866,-76.2576646526459,63.6766470157465,82.1180804110013,4.76617685616189,14.8321928037667,29.2034367671516,-6.16812174910347,-50.8461220990805,-15.6879837213153,8.78401111800988,7.72442466941697,0.814579491066704,-37.7728991182321,-50.5382643725603,-73.182971487777,-10.7947627849594,3.65077951876635,0.392379409725222,40.1218468954145,-48.7002227716382,-11.0220313546216,-19.9244028773921,8.27665456799241,2.57217873878484,26.7238563599886,-61.8491659357198,2.24403518214678,-0.258044366874234,13.4895307814766,-0.239433033461302,-16.6347560385019,-4.73063555623622,-1.40165479882789,4.10099283463007,13.7304006403976,0.779435191661528,-16.0294680267493,-6.49235895198713,-56.5150817047624,0.59081285950042,11.712515417459,0.059573624800699,-10.2047941971552,-3.14607928289753,-75.316442054673,101.810325810617,0.1856067424797,-0.0417408232551661,973.482906460674,0.180090812784452,0.0101467664775576
65.965,-47.7546702659016,72.3161816838678,40.8068912690927,-75.9544098281901,60.6509648910411,78.1379250994305,4.81793523054815,10.3516748772327,26.5869536677336,-6.46504452620887,-59.3845554209652,-23.2085406222751,8.89214138315032,8.23540519700366,0.719459200690516,-37.961236229879,-51.5040795563122,-78.34947271848,-10.9201131759621,4.42225644064113,0.212584425541425,40.7542391242374,-49.3283561530084,-18.981933567641,-18.6523138456758,9.07452036356892,2.77095018115082,36.6211074074584,-55.2971673156473,4.25862670370938,-0.436209902888141,13.7579746285514,-0.148077484015059,-17.3965354381678,-7.85017737552681,4.4283084645024,4.24556439452001,14.0497869625679,0.909917200126634,-16.4012385984379,-9.76057936909368,-59.3435648729302,0.739076225644031,11.9277600321678,0.13264548314984,-5.71520602755155,-2.54456486609267,-86.5971753434144,130.79009796091,0.182133003960218,-0.0407422795514778,978.749030674163,0.180783393975666,0.00979552350376789
65.97,-47.3635890894342,78.2162352935573,48.3611330509906,-75.6639600661917,58.0899523997362,74.1897904408732,4.84515317011381,5.4435879131361,23.5960450263888,-6.80586540651727,-68.1641760617426,-30.9428497302835,8.98234341618415,8.74678441346392,0.621664435429673,-38.0282283309853,-52.1391992841298,-83.1539691603296,-11.0175661677268,5.19201035708418,0.0223446337929438,41.1020020702484,-49.7560590108797,-26.0812353930345,-17.2761283342106,9.84149754511182,2.93076075616496,46.007322517314,-48.9591729496687,6.94158019559903,-0.607566729961694,14.0056779414269,-0.0554119513484687,-18.1930580663716,-11.0721420672152,10.5776025313938,4.3755868878589,14.3630418764225,1.03456176897087,-16.7519226632816,-13.1513330470109,-62.0943958399444,0.846730034898508,12.1699381395566,0.19002941511026,-1.12338914216942,-2.08513251094528,-98.4948665162895,162.533214455361,0.178932390989959,-0.0391266283477858,980.633647470769,0.181484056328526,0.00939853745110319
65.975,-46.9449625626083,83.7253053652583,55.5965691005241,-75.3836540181271,56.0612096129658,70.374982240585,4.84573258841254,0.115883659745392,20.2111441132783,-7.19179573437111,-77.1860655708388,-38.8982443607625,9.05297565431219,9.2530692687352,0.522657836651582,-37.9687112178651,-52.4581857993565,-87.5941597226576,-11.0879713516111,5.94943391403782,-0.176290223626591,41.1814780644289,-49.9792234807379,-32.2554823982307,-15.8190460221197,10.5597332510808,3.05162124135755,54.750416694032,-42.9085887220926,10.1644521330395,-0.767890586390668,14.230649877505,0.0376846382072835,-19.0182086508938,-14.3746766797659,17.0364369123834,4.48806754056794,14.6698256157004,1.15077702709853,-17.0681121085843,-16.6433877196251,-64.7773894059568,0.905913842668225,12.4429028590165,0.228040737723113,3.5236686777724,-1.8271163481743,-110.906660745128,199.420227942183,0.176306052525874,-0.0368627218475908,978.343126476735,0.182171209826958,0.00901236279887474
65.98,-46.5007401287561,88.8444867702719,62.4888756358428,-75.1105465466962,54.6214942860782,66.7903038746059,4.81764940556891,-5.6166365687133,16.4177807920835,-7.62404168412797,-86.4491899512052,-47.0810869910582,9.1025762119029,9.74881398625175,0.423912176565931,-37.7779370210619,-52.477583285589,-91.6722921686965,-11.132522631375,6.68428656022529,-0.381067519799123,41.0103582325695,-49.9955131654176,-37.4559391008262,-14.3048925834252,11.2125105677362,3.13469010579353,62.7279618342869,-37.207707320919,13.7939411840807,-0.913111426938444,14.4311611911334,0.130368632926293,-19.8643918573615,-17.7320451415295,23.7900166858692,4.57982759763929,14.9699994436536,1.25612297024832,-17.3352790284446,-20.2112466407616,-67.405137085261,0.909131192918122,12.7498923289674,0.243148382443303,8.17360390681618,-1.83058243943288,-123.716848519306,243.977961007985,0.174528707432648,-0.0341853345086811,971.051122645674,0.182821589152855,0.00869080797741262
65.985,-46.0328380146019,93.5804228309179,69.0188076690057,-74.8414661728289,53.8160747735168,63.5264410800677,4.75898775220985,-11.7323306718236,12.2071049352196,-8.10379254939562,-95.9501730536154,-55.4965187146213,9.12990084196114,10.2287304966801,0.326881554384493,-37.4517654350313,-52.2154171726086,-95.3950667945019,-11.1527244383726,7.38693815995008,-0.589564531125857,40.6072673500302,-49.8042630780203,-41.6500107649645,-12.7577198039503,11.7850589316336,3.18225287651183,69.8304223154668,-31.9076349823611,17.695171102559,-1.03942764332068,14.6057739134272,0.221842497976198,-20.7226204800511,-21.1151077263622,30.8184795863487,4.64752186695456,15.2635873861695,1.3483946070648,-17.5381312212635,-23.8255222273675,-69.9928493684882,0.849431370821845,13.0932652887584,0.232118478862715,12.7688400716533,-2.15424380241931,-136.798381881141,297.608420766429,0.173636428518917,-0.0315054303690401,958.091327763088,0.18342361292532,0.00845900596859739
65.99,-45.5431127317848,97.9450565635058,75.1724522060734,-74.573074493215,53.67833592282,60.6664995864067,4.66797343032044,-18.2028643778994,7.57631737790658,-8.63220795713026,-105.683081547025,-64.148208750351,9.13395343353082,10.6877970384875,0.232972050227982,-36.9868511282012,-51.6906991705361,-98.7734564160322,-11.1503590264438,8.0485880541168,-0.799232788027504,39.991373366326,-49.4063639601342,-44.8213294127149,-11.2013971548284,12.2652747436727,3.19762333351854,75.9640185296374,-27.0484962360938,21.7348822306896,-1.14341193060148,14.7533634089953,0.311363650537584,-21.5826638513314,-24.4919320672369,38.0969235309831,4.68767002989545,15.5507234324439,1.42569801711284,-17.661049880652,-27.453442493258,-72.5581201046055,0.720582286679959,13.4742534919606,0.192165519329247,17.2468400638319,-2.85320696017288,-150.014744167445,359.772035079009,0.173409629363099,-0.0291716969738456,939.091491006381,0.18398325473839,0.00830724837875607
65.995,-45.0333364273526,101.955260886254,80.9413856118147,-74.3019263107852,54.2296364858604,58.2847265592135,4.54300593394091,-24.9934992758561,2.52899502175955,-9.21040407415254,-115.639223404231,-73.0381068749693,9.1140083350634,11.1213616120343,0.143512979175731,-36.3808158017383,-50.9229531880379,-101.822442194627,-11.1274546971817,8.66145381215151,-1.00745224101298,39.1820313242321,-48.8041351234179,-46.9695086053504,-9.65919651370729,12.6443048976654,3.18496965607009,81.0531079156897,-22.6598327019591,25.784468205001,-1.22210510556249,14.873132242394,0.398251680076046,-22.4332528488291,-27.8285122111266,45.5955278244757,4.69622887823336,15.8314373622651,1.4865133968076,-17.6885952801984,-31.0594735750569,-75.1206117605372,0.516756170106996,13.8926134215783,0.121095682247694,21.5404826891089,-3.97665359899418,-163.222143488637,428.026883980176,0.17354849656532,-0.0273310425633522,913.99274437088,0.184521158947014,0.00818558551605353
66,-44.5051746661789,105.632352234834,86.3227272511334,-74.0245292616828,55.4794098205342,56.4454410235726,4.38268835260585,-32.0635162670426,-2.92470112400984,-9.83943888407626,-125.806961984859,-82.1662014715199,9.06962419270898,11.5252369861335,0.059729899749872,-35.6323946379236,-49.9317757183279,-104.560666860974,-11.0862540925839,9.21892557013511,-1.21159257148512,38.1984694634817,-48.0011889625915,-48.1095799928888,-8.1533755172372,12.9169548881807,3.14907752296364,85.0419950171844,-18.7611193806993,29.722795034439,-1.2730946631652,14.9646156785891,0.481894398122408,-23.2623345014418,-31.0895678278395,53.279769995804,4.66442507433868,16.1041604378793,1.52972158695066,-17.6060611029192,-34.6060379642735,-77.7016618243989,0.228434399323055,14.345108911856,0.0173437305099256,25.5786053633868,-5.56557785845342,-176.271983295248,498.821826644022,0.173825043304727,-0.0259644089357076,882.970247760522,0.185066611885218,0.00803053694667533
66.005,-43.9601671884149,109.001495552891,91.3190833852738,-73.7374017942694,57.4254934827263,55.2021920400278,4.18585451734744,-39.3667670517176,-8.7679435612362,-10.5202966245864,-136.171548102155,-91.5302857291503,9.00064941405441,11.8957840957884,-0.0172795282094913,-34.7415488945937,-48.7364421517369,-107.010009087367,-11.0291811342978,9.71568355559261,-1.40907821395479,37.0595230563747,-47.0022895540468,-48.2711325567198,-6.70476880909205,13.0818955452074,3.09506986995562,87.8961094512745,-15.3623349638451,33.438740351285,-1.29457546818189,15.0276790207828,0.561753127305592,-24.0573660377175,-34.2393927977855,61.110738829228,4.57970258250798,16.3655774018923,1.55462580585986,-17.4000537061404,-38.0543053413945,-80.3238123653311,-0.156508125206681,14.8251211184895,-0.119897780920168,29.286758627863,-7.65070854240383,-189.013545645886,568.564192374445,0.174115736644298,-0.0249817589673995,846.320114334807,0.185649142101512,0.00777712070055703
66.01,-43.3997121275051,112.091012181748,95.9383776220447,-73.4371284547928,60.0546678952104,54.597156656027,3.95159280211571,-46.852343046256,-14.9772872214123,-11.2538714890555,-146.714972893541,-101.125734418691,8.90721975894536,12.2299809542757,-0.086565866974342,-33.7095390123772,-47.355567950931,-109.19508503016,-10.9588048513708,10.147778037841,-1.59745314225644,35.7834191180604,-45.8132074143865,-47.4971826625981,-5.33239954401519,13.1416571880311,3.02810840504541,89.6025213558546,-12.4645396822807,36.8333927386197,-1.28539070653669,15.0625073301739,0.637367537307621,-24.8056355208458,-37.2427211391418,69.0455426113706,4.435239674255,16.6134220229602,1.56096344414889,-17.0590693718247,-41.3650311844096,-83.0102667874811,-0.643143783427317,15.3252770790608,-0.29033770217418,32.5882171788883,-10.2507443220443,-201.296805573351,634.45374947259,0.174373716509229,-0.0242851390495282,804.359983547278,0.186294350682519,0.00737712767336429
66.015,-42.8250540994305,114.931605615033,100.193566928755,-73.1204115561522,63.3433797281733,54.6607827861869,3.67926606136898,-54.4653481493943,-21.5228521276056,-12.0409507133036,-157.415844849763,-110.945293631386,8.78974886939823,12.5254746411338,-0.147343607852179,-32.538955604143,-45.8068308897132,-111.142685307991,-10.87779826413,10.5126723961811,-1.7744412605131,34.3876127336653,-44.4405725968762,-45.8428093012346,-4.05312536320225,13.1024156946181,2.95310431076147,90.1697953725527,-10.060433209836,39.8218556474047,-1.24505203543368,15.0695883620282,0.708360202136624,-25.4945941841053,-40.0655786171462,77.0378098959287,4.22914360964652,16.8463515387069,1.54889503841027,-16.5740407341538,-44.499417556532,-85.784280137574,-1.23030708606097,15.8377122618671,-0.492466581085159,35.4052853456801,-13.3710179481328,-212.975279977566,694.832046055616,0.174594501885957,-0.0237917490103712,757.360718314763,0.187027700250497,0.0068085719883495
66.02,-42.2372764835122,117.555523183764,104.102245229286,-72.7841184459745,67.2586220356053,55.4116754169119,3.36852726521972,-62.1477592299087,-28.3686389140769,-12.8821971883837,-168.249295016167,-120.978885924512,8.64891276765366,12.7806145089332,-0.199001652416481,-31.2337088522867,-44.1067578028947,-112.881157789477,-10.7888906928459,10.8092511623002,-1.93799834444617,32.8886735096057,-42.8917288184733,-43.3735940377723,-2.88133331094146,12.9735901128171,2.87446452083313,89.6272140196801,-8.13488418233591,42.3346082019521,-1.17373872739864,15.0496897865783,0.774440918825827,-26.1121843897726,-42.6760903059613,85.0382781572491,3.9578044253919,17.0616866833374,1.51900081216131,-15.9388232864485,-47.4199705588531,-88.6684919081051,-1.91723976801278,16.3521670364617,-0.723613528427904,37.6609218484507,-17.0026828523204,-223.908803766881,749.090574789014,0.174788592438672,-0.0234424227791825,705.531814086053,0.187877637489938,0.00608213312308159
66.025,-41.6372981124406,119.995674214088,107.686139815322,-72.4253237427804,71.7589406386827,56.8567181007236,3.01933048395228,-69.839356253353,-35.4729729704056,-13.7781317635867,-179.186915040256,-131.213433479914,8.48562949863539,12.9944654426361,-0.241108156633834,-29.7989799004009,-42.2705767048421,-114.439748475537,-10.6948123178261,11.0377957001513,-2.08635189849754,31.3022187216862,-41.1745921341977,-40.163909071774,-1.82869673985687,12.767284526342,2.79589575153786,88.023427386238,-6.6654400651898,44.3183865632778,-1.07227645089997,15.0038319351685,0.835410697510502,-26.6471469139504,-45.0452176465705,92.9954635382731,3.61659312906573,17.2553776057595,1.4722425233029,-15.1505942570166,-50.0913297260741,-91.6842130276737,-2.70284018463789,16.8561957139221,-0.979910444982009,39.2806893569359,-21.12248372396,-233.966121659954,797.345474947144,0.174975224564274,-0.023190063452792,649.089724366327,0.188881511897604,0.00524368431225941
66.03,-41.0258744778635,122.284726915536,110.97050907436,-72.0413460687354,76.7955348090583,58.9914157986024,2.6319369707905,-77.4787026324272,-42.7890697298799,-14.729115429713,-190.196733225428,-141.632702148214,8.30103519562282,13.1668007646406,-0.273409542005583,-28.2411405552183,-40.3121328609081,-115.847914458389,-10.5982304913651,11.1999306267132,-2.2180260174518,29.6428881899781,-39.2975186571757,-36.2950993382082,-0.904004377322933,12.4976167015192,2.72028175676773,85.4246070430024,-5.62283969055877,45.7365644898832,-0.94209712189193,14.9332574095665,0.891165203052167,-27.0892920963138,-47.1474028994632,100.856402503229,3.20170191909847,17.4224607150135,1.40990064669124,-14.2101392352285,-52.4810460236425,-94.8506815241497,-3.58380400854968,17.3360107571557,-1.25628801619159,40.1950097144219,-25.6931342805386,-243.027188011662,840.076218790931,0.175171801968807,-0.0230001761750049,588.406998727913,0.19008397634271,0.00436522401688144
66.035,-40.403603441412,124.454207290395,113.983453227357,-71.6297789684562,82.3134200559262,61.8004399175998,2.2069161925867,-85.0041556408368,-50.2657105924288,-15.7353315998617,-201.243234029931,-152.217169602098,8.096457909973,13.2980751658422,-0.295823718853151,-26.5676498027939,-38.2438655541703,-117.134624410599,-10.5016781372697,11.2985441887276,-2.33184934101704,27.9243548086368,-37.2691867784506,-31.8536057389187,-0.113067858512367,12.1799817375413,2.6496410541371,81.9121970886519,-4.97155950398888,46.5690296926465,-0.785181956941466,14.8393989020077,0.941697305157825,-27.4297213124495,-48.9611040149577,108.567453633561,2.71043517581091,17.557065275929,1.33350856944859,-13.1220066568037,-54.5602869737098,-98.1843040549782,-4.55434116284043,17.7769545618262,-1.54656860397473,40.3416772700422,-30.6642840463015,-250.985080293783,877.838439267682,0.175388837282603,-0.0228490353674067,524.184928443474,0.191537084692327,0.00353115039393437
66.04,-39.7709353226466,126.53362375284,116.755152733809,-71.1885158598769,88.2526217156908,65.2583520240156,1.74514176026115,-92.354886464931,-57.8480162637866,-16.7967687320821,-212.287426443659,-162.943921219226,7.87339055702458,13.3893788244857,-0.308427834202562,-24.786937113685,-36.076840947921,-118.32766327826,-10.4074755117124,11.3376856656329,-2.42694541909993,26.1593640060328,-35.0985000731967,-26.92907642599,0.541290251570707,11.8303001919472,2.58516376575761,77.580364009255,-4.67042771508242,46.8115722879552,-0.603990434161692,14.7238464904786,0.987098287953072,-27.6609881699035,-50.4692084848222,116.075145153442,2.14149376629995,17.6524739925889,1.24477994118872,-11.8945164439103,-56.3044497218985,-101.69790298137,-5.60593109399779,18.164060579274,-1.84363422255832,39.668552766872,-35.9740156050104,-257.747454288731,911.086594835635,0.175624842002591,-0.0227217562155362,457.565246202034,0.193294682393022,0.00283399132797246
66.045,-39.1281871179362,128.549640942194,119.317051637065,-70.7157690101031,94.5493699548315,69.330479306993,1.24778231251594,-99.4718895491324,-65.4783019833972,-17.9132035635871,-223.286966301201,-173.786577708191,7.63346427440601,13.4423746225098,-0.311441140881338,-22.9082831251102,-33.8208356111007,-119.452958777723,-10.3176474834801,11.3224425269193,-2.50270620051864,24.3597951776012,-32.7945173901871,-21.6125116452036,1.05917012741754,11.4642971040973,2.5273182777191,72.5332497251498,-4.67333808360226,46.4748215047467,-0.401378312740455,14.5883155075942,1.02755720379181,-27.7771926439053,-51.6593203462705,123.327051175258,1.49534311418683,17.7012967310431,1.14553448533154,-10.5396164437078,-57.6936655264994,-105.399990763476,-6.72704296578694,18.4827399049026,-2.13966826026119,38.1363313388816,-41.550778609658,-263.237499117507,940.110673091277,0.175865644268032,-0.0226135051671417,390.130766162185,0.195404798692783,0.00237378977798031
66.05,-38.4755604904556,130.525325496253,121.701005288434,-70.2100826620833,101.137269604056,73.9739125033176,0.716287506111555,-106.298961280974,-73.0969972518369,-19.0841852482121,-234.19633692522,-184.715258821075,7.37842335451644,13.4592210516589,-0.305203871339185,-20.9417079490151,-31.4844648940049,-120.533947864478,-10.2338382685502,11.2587992496535,-2.55875082712962,22.5367382604487,-30.3664163297518,-15.9944850936806,1.44345666488618,11.0968509983209,2.4760117973124,66.8821294885165,-4.93008755565654,45.5827851192548,-0.180508172066215,14.4346158550786,1.06335784707432,-27.774005809239,-52.5239198828918,130.272677289505,0.786155331844158,17.7020559614891,1.03773735437261,-9.07258840001922,-58.7131822343851,-109.294095008778,-7.89207287226928,18.7270322999951,-2.42617187838133,35.7212533003088,-47.315640389321,-267.394385112111,965.075359471396,0.176089781363848,-0.0225270813148333,323.791909564378,0.19790692192041,0.00227093255657262
66.055,-37.8131630640047,132.479485289926,123.938413534122,-69.6703405533402,107.948421748425,79.1385957095424,0.152369362438173,-112.783628734459,-80.6436112741374,-20.3090207059054,-244.967091538178,-195.696587706047,7.11010269697153,13.4424839849582,-0.29015326783049,-18.8978760296647,-29.0753503033297,-121.591001483055,-10.1572303422877,11.153480830246,-2.59487336941814,20.7005790271053,-27.8234952885127,-10.1634811700787,1.69961571228052,10.7414453632138,2.43078552479355,60.7425691827509,-5.38735048065455,44.1710613795033,0.055243900803934,14.2646233778062,1.09487287636147,-27.6486275710313,-53.0604004651663,136.864334184667,0.0564677310619131,17.6695069348491,0.92358577291007,-7.51161350867661,-59.3536148619821,-113.378158356146,-9.04873692924121,18.9127553611805,-2.69415914575414,32.417608438299,-53.184717809441,-270.173233491738,986.128769974075,0.17627316562326,-0.0224710478946673,260.589955906687,0.20083395814913,0.00266368392390071
66.06,-37.1410324550717,134.426121786711,126.059361526164,-69.0957681634799,114.91447797216,84.7684772954089,-0.442020688253288,-118.8780101384,-88.057724406642,-21.586761504016,-255.548159622363,-206.693740492415,6.83040843467262,13.3950409371978,-0.266798150512604,-16.7880242066504,-26.6003201793178,-122.640925533558,-10.0884746228787,11.0137839190009,-2.61098440053676,18.8610872865025,-25.1752174272045,-4.20438302512836,1.83543236458072,10.4097447121264,2.39102310760247,54.2316662746079,-5.98978813968502,42.2848043268703,0.302381831633409,14.080253648527,1.12255472456752,-27.3996844805244,-53.2709912004328,143.057976664035,-0.662749438634091,17.6158297058882,0.805297798667485,-5.87721556718679,-59.6110584607912,-117.644037376544,-10.1567862681696,19.0555183699887,-2.93566740138893,28.2398759278108,-59.0716521998757,-271.544669608273,1003.51805074143,0.176400467775107,-0.0224496721341856,202.458943601345,0.204205095147562,0.00369895977997725
66.065,-36.4591623914338,136.374012727712,128.091790796064,-68.4859301013978,121.967612416518,90.8026919408845,-1.06471863838445,-124.539590026346,-95.2799854170215,-22.9161925939831,-265.886217993669,-217.666545528562,6.54130202883446,13.3199817178987,-0.235693569409985,-14.623916563332,-24.065638158477,-123.69655500737,-10.0276301221752,10.8473951539432,-2.60705227266043,17.0275029248087,-22.4312973357706,1.80285891327297,1.8607072245731,10.1113005145538,2.35614941786916,47.4654464383487,-6.68127743064276,39.9765297986581,0.557379785026784,13.8834382684997,1.1469231017244,-27.0270789536267,-53.1625774678557,148.813984898278,-1.38389533343541,17.5304389702466,0.685026311212495,-4.19160673619022,-59.4870619893246,-122.07712369215,-11.2165023006506,19.145188446423,-3.14443470665943,23.2243445478716,-64.8899981901803,-271.494047162645,1017.64098674031,0.176466037406977,-0.0224644912454321,150.9887045449,0.208019237068324,0.00550608479101022
66.07,-35.7675301947188,138.326439343113,130.060723088864,-67.8407230958872,129.041401102254,97.1767455541766,-1.71337810666883,-129.731893656995,-102.253094320189,-24.2958232229272,-275.926125789053,-228.571636286304,6.24478772450236,13.2205094671403,-0.197417155062776,-12.4178259828043,-21.4772539566158,-124.766456548385,-9.97411799794369,10.6621988212206,-2.58305050188156,15.2086155468056,-19.6018279639337,7.78435412908503,1.78692074093238,9.85338633788161,2.32580062053057,40.5564748453959,-7.40622840890386,37.3038508805651,0.816765889531343,13.6761035747208,1.16854910496458,-26.5318046116128,-52.746433900717,154.097865147961,-2.11877295858425,17.4010147655898,0.564689766295229,-2.47796641698233,-58.9884668263824,-126.656108464106,-12.2268824424843,19.170670050951,-3.31532567706563,17.4300723996171,-70.5554162922037,-270.020446054425,1029.02328530861,0.176470943581736,-0.0225089081052703,107.240021552861,0.212241819182207,0.00816577400567819
66.075,-35.0661248518775,140.281068567993,131.98755868373,-67.1603650857716,136.071602022842,103.8236773575,-2.38550334285481,-134.425047236935,-108.922750916725,-25.7238803269842,-285.611420810854,-239.362661293635,5.94290285743582,13.0998459438736,-0.152548737420943,-10.1825384038117,-18.8410708030122,-125.854752205624,-9.92670091121624,10.4660790763029,-2.53891762611737,13.4128343574515,-16.6974417897291,13.6731774669119,1.62687017926373,9.64095764636482,2.29995164170109,33.6117282106157,-8.11094841363643,34.3272285154073,1.07719670415397,13.4601514714275,1.1880361831165,-25.9157447055473,-52.0378859017123,158.880848590273,-2.85980206994701,17.2253581208721,0.4457808048643,-0.759687242274757,-58.1271186334613,-131.352908221091,-13.1692857691499,19.1346302415612,-3.4445804975788,10.9390715216815,-75.9875850911198,-267.135549633685,1038.22741170965,0.176422086347727,-0.0225712043855486,71.6617947307184,0.216779486787055,0.0116834269876112
66.08,-34.3549748693707,142.229996501489,133.889469518227,-66.4453809197481,142.996833204833,110.675176586257,-3.07848440679689,-138.596212788543,-115.238549915739,-27.1983046914719,-294.884872897804,-249.990553564191,5.63771017457635,12.9611446127692,-0.101654628371345,-7.9313719412731,-16.1632233230537,-126.961073839155,-9.88348996062395,10.2667200978751,-2.47453526849251,11.6482458346316,-13.7294965271207,19.4100421003967,1.39428961420994,9.47672047870605,2.27899025865163,26.7307615734046,-8.74500182124091,31.1078160922165,1.33552026386444,13.2374419777004,1.20599843126732,-25.1814714307034,-51.0559163352716,163.14036930492,-3.59659658356006,17.0034546482677,0.329504838368617,0.940376636529062,-56.9194661937425,-136.132765691781,-14.0233874574904,19.043456697181,-3.53019246041247,3.8556392564568,-81.1117784372327,-262.862498107715,1045.77358414444,0.176326073295519,-0.022635635580178,44.1275583651376,0.221410800553948,0.0159704146870503
66.085,-33.6341750963512,144.159954604038,135.778905388742,-65.6965851744294,149.759149063877,117.66263484868,-3.78963385209092,-142.229889058936,-121.154804652898,-28.7167501316142,-303.689088028748,-260.403860868633,5.33129113247492,12.8074145746054,-0.0452776616381229,-5.67819971111716,-13.4503587964238,-128.080653599372,-9.84198017536876,10.0714083519054,-2.3897288726041,9.9226576779884,-10.7102722885811,24.9437362090073,1.10346287823018,9.36128890060952,2.2637323421262,20.004192882091,-9.26250973408131,27.7054670997162,1.58882626066532,13.0097770085126,1.22303688881557,-24.3320632723744,-49.8227336744955,166.860405859504,-4.31895670607555,16.7368315828084,0.216805753001593,2.60062500062893,-55.3860652369058,-140.954533927013,-14.7703853198367,18.9057370429638,-3.57207644013589,-3.69519751505158,-85.8600825930781,-257.234795568041,1052.08863861257,0.176187866178417,-0.0226903801866492,0,0,0
66.09,-32.9039117203582,146.052675198312,137.663228836676,-64.9150625843058,156.304518024418,124.718119041811,-4.51622421546012,-145.318072673559,-126.631282897389,-30.276585906106,-311.967154897747,-270.549136859062,5.02573908689388,12.641457739882,0.016066326638601,-3.43746276199614,-10.7099135755859,-129.204551285233,-9.79911668739391,9.88684303110554,-2.28429374531556,8.24362846455563,-7.65316438798268,30.2313265399311,0.768837080228368,9.29341093585045,2.25537858553333,13.5125189076069,-9.62333337357465,24.1769633474476,1.83448271083273,12.7788848914562,1.2397146686205,-23.3709553860127,-48.3633166871333,170.031675162033,-5.0178447230225,16.4294031565458,0.108385046381452,4.20136027186317,-53.5510087134193,-145.771145697548,-15.3944141332697,18.7323664450049,-3.57213785979527,-11.5701103658831,-90.1722549586466,-250.295321825527,1057.49541481819,0.176013240374322,-0.0227261978698952,0,0,0
66.095,-32.1644846808763,147.885407896514,139.544491092009,-64.1021465519713,162.583206467048,131.775253628985,-5.25552559856273,-147.860276620657,-131.633840054564,-31.8749025239506,-319.663323569216,-280.371391534185,4.72315134525653,12.4658208855451,0.0818853900909118,-1.22415829101343,-7.95037516570926,-130.320014411742,-9.75139115746508,9.71896119878933,-2.15804679271215,6.61848337885814,-4.57285422449212,35.2381388923981,0.404645059741053,9.2702420991983,2.25541771470701,7.32526776333056,-9.79408846170287,20.5745087532016,2.07015926383431,12.5464051725229,1.25653186345452,-22.3018345857699,-46.7049488965861,172.651672141689,-5.6845976932241,16.0852008794617,0.00474423039821426,5.7253443868372,-51.4413071897249,-150.530263166392,-15.8815788430989,18.5339469281617,-3.53382267709863,-19.6107050646123,-93.9962477261668,-242.095471011511,1062.21894411999,0.175804129033303,-0.022742128397379,0,0,0
66.1,-31.4163268112295,149.631573929499,141.419357708275,-63.2593961734077,168.550075712871,138.770004888356,-6.0048426290351,-149.863406094609,-136.134937181274,-33.5085210428465,-326.72370377947,-289.814597844314,4.42561916993917,12.2827633883585,0.151702100070745,0.946211461964496,-5.1815192267493,-131.410961694846,-9.69496605812724,9.57278452355394,-2.01090180990672,5.05431727372168,-1.48544019175098,39.9375320626489,0.024545487842408,9.287646955216,2.2654853324719,1.50048608060843,-9.74894501761469,16.9445209841647,2.29383805776765,12.3138733791796,1.27390126794129,-21.1285861043686,-44.8767537805377,174.724554161575,-6.3098620575004,15.7063506510071,-0.0937686680512373,7.15824551977501,-49.0862437934105,-155.175095481976,-16.2185982301545,18.3186021484225,-3.46165105113287,-27.6474539703536,-97.2884355305951,-232.694410801648,1066.38858642707,0.175562048215797,-0.0227440303489885,0,0,0
66.105,-30.6600191057189,151.261541101821,143.279188393926,-62.3885721740304,174.164799875138,145.641363304026,-6.76155010211483,-151.341494615654,-140.114033596336,-35.1740058856447,-333.096968559006,-298.822249413707,4.1352149800022,12.0942405439232,0.225038828836038,3.05774246222133,-2.41460978350197,-132.458575615936,-9.62582243669287,9.45229436660622,-1.84296358574585,3.55798709515257,1.59148851301282,44.3104876674963,-0.358710310288543,9.34051138555275,2.28719089766884,-3.91544769895588,-9.47017714105178,13.3267408170393,2.5038136551738,12.0827055694708,1.29212601573953,-19.8552942934464,-42.9092392178635,176.260874624662,-6.88518943223984,15.2955827730581,-0.186907987607975,8.48896385164941,-46.5167273718926,-159.645364604774,-16.3949338113164,18.0937128180262,-3.36127686448658,-35.5041737502521,-100.013595706945,-222.158432721937,1070.03223048894,0.175281541835549,-0.0227437062825731,0,0,0
66.11,-29.8963016142423,152.743498295472,145.110271156167,-61.491612109381,179.392012930027,152.331923480452,-7.52312663267768,-152.315306112709,-143.557846438433,-36.8676811216119,-338.735047193735,-307.337962446742,3.85397622639867,11.9019015365706,0.301399117695399,5.09429374128499,0.337449541466418,-133.44198503242,-9.53991485462524,9.36035888930591,-1.65463365968483,2.13609628767651,4.63884987430381,48.3450432688786,-0.733560104172446,9.4230641482628,2.32192819121811,-8.8876987712331,-8.94843972676357,9.75366724973347,2.69868404382516,11.8541826774686,1.31138024530638,-18.4862943133538,-40.8338572850938,177.277175759898,-7.4041419099033,14.8572691591944,-0.274481037067012,9.70983314291074,-43.7646653047041,-163.878392781719,-16.4041694386114,17.8663377681267,-3.23930724638152,-43.0028661305597,-102.144693767474,-210.560348015342,1073.08897507256,0.174954253134732,-0.0227544071294643,0,0,0
66.115,-29.1260795878286,154.044405282878,146.894206368856,-60.5706051422422,184.201393427938,158.788363730548,-8.28718568964196,-152.811811392995,-146.460472242465,-38.5856500738197,-343.593790441886,-315.306112943168,3.58388571980028,11.707100404487,0.380246963874564,7.0397185883439,3.06002520294081,-134.339014797882,-9.43291826593728,9.29939668573637,-1.44671944643208,0.794974097983069,7.63614966873431,52.0356001282817,-1.08924130354066,9.52970089329553,2.37070016662354,-13.3925613017359,-8.18276275362097,6.25031530490611,2.87733491602333,11.6294348575251,1.33169385867803,-17.0262670958673,-38.6825833255178,177.795455806672,-7.86775801152417,14.3912407135274,-0.356362012567459,10.8167017916416,-40.8623739566564,-167.810279046119,-16.2479120565548,17.6356852100892,-3.10290938737455,-49.9687198909425,-103.662526344849,-197.978876563633,1075.43422986791,0.174572641392162,-0.0227912410334108,0,0,0
66.12,-28.3504246317443,155.130991216567,148.608431907828,-59.6277666671553,188.56769501702,164.961829761651,-9.05150344025597,-152.863550122507,-148.823368420987,-40.3238180261311,-347.6335904616,-322.672498455969,3.32684851926444,11.5109177935592,0.460986120157997,8.8781609764726,5.73673510634107,-135.126976381528,-9.30015262482203,9.27163721472846,-1.22053707636168,-0.459347357926556,10.561650477094,55.3821395392158,-1.41567685607014,9.65543978413408,2.43393746795385,-17.4167810986927,-7.18026783368471,2.83428318036762,3.03891944211113,11.4094262384755,1.35294234435969,-15.480365912734,-36.4875164313127,177.842530467146,-8.29162711754917,13.88441373234,-0.432512431458493,11.8089027782689,-37.842040473053,-171.377127354877,-15.9405788274712,17.3831746905063,-2.9595752002092,-56.2350654438366,-104.555270463504,-184.497978599716,1076.91205460035,0.174131336814766,-0.0228611294397387,0,0,0
66.125,-27.5705707636324,155.970773622518,150.226876220402,-58.6654130148195,192.470730467329,170.808228638159,-9.81404290044769,-152.507892038482,-150.655195404446,-42.0779177166123,-350.819938096566,-329.385011880818,3.08466576542913,11.3141909155498,0.542941601562928,10.5944097659438,8.34951037218736,-135.783471759341,-9.1380593349021,9.27684741624267,-0.977993748213715,-1.62115584386447,13.3926290373662,58.3893828617223,-1.70562461027033,9.79443286463031,2.5112912428596,-20.9566492938138,-5.95562510080843,-0.483894017365265,3.18283556700413,11.1949407282012,1.37484252141668,-13.8543601260002,-34.2805022216201,177.449312267522,-8.68170305966137,13.3292843791777,-0.502845801407766,12.6891260393032,-34.7352450086757,-174.516285841024,-15.4902690414802,17.0962429212817,-2.81678095558184,-61.6480790419966,-104.817982741961,-170.206089260896,1077.34755445602,0.17363172859247,-0.0229690492423087,0,0,0
66.13,-26.7879054180622,156.533069114186,151.720722263553,-57.6859364335305,195.895316257974,176.288440443369,-10.5729739683064,-151.786213571879,-151.971523071719,-43.8435372225908,-353.123901196025,-335.394313275013,2.85900602233894,11.1175489087426,0.625345524999619,12.1742969225822,10.8787431620313,-136.287182463774,-8.9449414854588,9.31170074522136,-0.721640331262182,-2.68507997184348,16.1057157682724,61.0659300117215,-1.9555145565783,9.93966681526031,2.60153524980739,-24.016906544759,-4.5302803796689,-3.70013516927153,3.30870254359152,10.986569736598,1.39695492886122,-12.1547803674095,-32.0927781267772,176.650034080637,-9.01772929471434,12.7422887568368,-0.567202827699069,13.4632092438117,-31.5725480649706,-177.167555433228,-14.8871912915184,16.7904443107077,-2.68164889075783,-66.0710506602275,-104.452085720426,-155.195232190901,1076.54378932257,0.173083334122274,-0.0231070721423672,0,0,0
66.135,-26.0039555818366,156.789967244813,153.059261798197,-56.6917805139349,198.831183918733,181.368455826888,-11.3266890093072,-150.743008199877,-152.794407949622,-45.6161497696178,-354.522509404707,-340.654484575677,2.65137479541436,10.9214507455186,0.707329171074352,13.6051203583439,13.303522411581,-136.618616579409,-8.71977442311928,9.37230060687178,-0.454684732204778,-3.646107923454,18.6773044417408,63.4234092353464,-2.16340416508351,10.084946418483,2.70259719845788,-26.6095024278015,-2.93149221948084,-6.81598720695464,3.41633803274077,10.7847028621187,1.41869341027944,-10.3890495526373,-29.9546412571135,175.481444307352,-9.28312891622531,12.1414877861527,-0.625316472188315,14.1398637562041,-28.383143798945,-179.274326931191,-14.1272161543269,16.4808455193902,-2.56071641597156,-69.388055799827,-103.464871319703,-139.560007596536,1074.27849689152,0.17250137129012,-0.0232665844434026,0,0,0
66.14,-25.2203693829054,156.717239786385,154.210816681475,-55.6854161983334,201.272863120486,186.019447947052,-12.0738137619881,-149.4249505363,-153.151850428291,-47.3911449356148,-354.999033199732,-345.123651420623,2.46308296773121,10.7262229589436,0.787922756424689,14.876067599545,15.6019548933645,-136.760788549482,-8.46195062949579,9.45480505210671,-0.180960507000258,-4.49960477000111,21.0840148763695,65.475667645375,-2.3284439395641,10.2253675715358,2.81158551639183,-28.7522587999106,-1.19122536190783,-9.83762689622091,3.50573668832204,10.5895226647651,1.43934219842159,-8.56558567013877,-27.8951392025501,173.982001000298,-9.47626082778808,11.534537878163,-0.676790897772987,14.7303520102558,-25.1945772205586,-180.784608548059,-13.2196403614959,16.1678824555395,-2.45979660776423,-71.5069043946984,-101.869043675823,-123.396469566711,1070.32470117695,0.171906952062776,-0.0234323962270055,0,0,0
66.145,-24.4388935865578,156.295159269663,155.14370163774,-54.6693184976854,203.219540129788,190.21778723895,-12.8132134391191,-147.879935426339,-153.077143870581,-49.1638606754165,-354.543147960663,-348.764556148402,2.29521497344614,10.5320947725946,0.866063866624149,15.9786137759427,17.7515642875753,-136.699809758154,-8.17178621552376,9.55477885914761,0.0951478960712109,-5.24133056120416,23.3031875797201,67.2380274516692,-2.45145098884339,10.356777851644,2.9248459344047,-30.4674886181509,0.655048676366812,-12.7747393967481,3.57705075106545,10.4010046053254,1.45808047865146,-6.69386494234636,-25.941784585535,172.191090564391,-9.59878332413491,10.9272140835286,-0.721236273835027,15.2481309491898,-22.032521213578,-181.651910819445,-12.1776794248472,15.8487700329058,-2.38386700246396,-72.3612771150426,-99.6823154382293,-106.800924602134,1064.48025471115,0.171324914471571,-0.0235889872480195,0,0,0
66.15,-23.6613475726759,155.509202776075,155.827201563222,-53.6459440289098,204.674893754716,193.945006999087,-13.5439940094865,-146.156114073207,-152.608129925348,-50.929615562154,-353.150977346808,-351.545066521278,2.14859761005814,10.3392286879596,0.940614873356581,16.9068667412995,19.7297562294302,-136.42537176606,-7.85057290408073,9.66732080558438,0.368825280993465,-5.86746250115664,25.3133868242546,68.7266274014203,-2.53478291581235,10.4757756092044,3.03810345358385,-31.7806226593093,2.56959202560586,-15.6393254013801,3.63057284573153,10.218923069031,1.47401401920448,-4.78443738905315,-24.1202946889858,170.148293703561,-9.65360165218565,10.3248672013103,-0.758315915557211,15.7084740125905,-18.9206082636168,-181.835962370767,-11.0165973887199,15.5198148201525,-2.33696209760327,-71.911998185023,-96.9270632535254,-89.8686963328704,1056.59270045555,0.170784640312335,-0.023719229506824,0,0,0
66.155,-22.8895944742759,154.350619680133,156.232535751854,-52.6177094820414,205.646909373871,197.187727023771,-14.2654987564622,-144.300949395275,-151.786376522257,-52.683740631986,-350.82501396672,-353.438605800712,2.02377047174153,10.1477451665537,1.01038900526333,17.6578336679251,21.5143330245029,-135.931108540705,-7.50055260668295,9.78725874760754,0.634986331184648,-6.37462531911834,27.0948879336683,69.9578630231613,-2.58210996716307,10.5797179452554,3.14665974741527,-32.7188954792622,4.51363159311997,-18.444489410051,3.66672094793503,10.0428641218618,1.486213031459,-2.84889062307908,-22.4543578545488,167.892717200547,-9.64465681236406,9.73232679250341,-0.787772492274169,16.1280817760701,-15.8803115056225,-181.303237943384,-9.75324604839389,15.176778650528,-2.32209004854853,-70.1474320539078,-93.6300397983252,-72.6929092004352,1046.55901112303,0.170312580776051,-0.023815339232347,0,0,0
66.16,-22.1255102475802,152.816845339274,156.333781520513,-51.5869711308009,206.147670248286,199.937541523826,-14.9773003184443,-142.360312396551,-150.656296863835,-54.4216102280784,-347.573919218791,-354.424491497543,1.92095904999976,9.95774068867802,1.07418411614859,18.2315871915068,23.0840382709971,-135.214828752401,-7.12485287936065,9.90934014842666,0.888468379559834,-6.75993420777277,28.6301256658639,70.9479332214088,-2.59815172307947,10.6666928994134,3.24563263758316,-33.3101385898923,6.44853468069676,-21.2032602654446,3.68602536711203,9.87224528543938,1.49375499404874,-0.899761461059076,-20.9654284855979,165.462405196039,-9.57669698154134,9.15384033550333,-0.809445622048206,16.5246891097179,-12.9308699645182,-180.027288829606,-8.40558540656447,14.8152497810661,-2.34116874998253,-67.0830269421298,-89.8221316678087,-55.3633461027359,1034.32218784391,0.169928861421861,-0.0238745115689678,0,0,0
66.165,-21.3709515149511,150.911746525526,156.108730544858,-50.5560055102296,206.193124113866,202.190876327203,-15.6791885197897,-140.377640268804,-149.264229174829,-56.1386712680237,-343.412207988398,-354.488172372256,1.8400515879274,9.76929912584966,1.13082263926174,18.6313148871271,24.4191093181181,-134.278613925981,-6.72738710092351,10.0284099581194,1.12424508748732,-7.02105431821681,29.9040834024543,71.7124949599709,-2.58839077929846,10.7354605010876,3.33022269767332,-33.5817231583771,8.33688898520536,-23.9274914059579,3.68911756214999,9.70634218280905,1.49577076653311,1.04960173883674,-19.6725523168457,162.893838226768,-9.45504671390327,8.59304614595513,-0.823278823983136,16.9166748306738,-10.0892533541542,-177.988874934806,-6.99220084462788,14.430992320244,-2.39498080355923,-62.7600599608904,-85.5381450609106,-37.9654320188617,1019.87591781356,0.169644631055986,-0.0239010514919791,0,0,0
66.17,-20.627723072053,148.645688579765,155.539652761711,-49.5269913998461,205.802822076887,203.948819045532,-16.3711543959003,-138.393175222238,-147.657497959087,-57.8304704048847,-338.359827372505,-353.621355993543,1.78058079395282,9.58249698510411,1.17919576790925,18.8632431019778,25.5018145269427,-133.128782722712,-6.31272491255774,10.1395692881242,1.33764769039004,-7.15627970468221,30.904607110186,72.2664225158802,-2.55877644051568,10.7853687677353,3.39598961154204,-33.5596866724249,10.1434544786574,-26.6268824920199,3.67672063576645,9.54432142499612,1.49149195903283,2.98522048809852,-18.5922230899744,160.221522779423,-9.28510561941981,8.05345168069287,-0.829313696450337,17.3226783595473,-7.37016222699616,-175.17590655157,-5.53163672171701,14.0207671632559,-2.48312850905394,-57.243665224377,-80.8165950126837,-20.5793883635734,1003.28287448459,0.16946586910835,-0.0239106350663265,0,0,0
66.175,-19.8975459778315,146.03541884444,154.613944907604,-48.5019932684809,204.999626273218,205.216924497838,-17.05337089986,-136.443300792057,-145.883477997704,-59.492678614002,-332.441641823776,-351.822022265409,1.74171153393612,9.39740363915248,1.21830958220823,18.9364343709358,26.316952763608,-131.775725736444,-5.88593976066603,10.2383101684488,1.5245794126626,-7.16463282325276,31.6226333076633,72.6236633294808,-2.51543137637054,10.8162519434253,3.43911973593686,-33.268068299548,11.8359631531517,-29.3081565004361,3.64964139814538,9.38527859390092,1.48029723427993,4.89270407650861,-17.7382709304199,157.477668910042,-9.0697653480016,7.5429311735237,-0.827661019750944,17.7612268161599,-4.78605942566201,-171.583212134483,-4.04026846865015,13.5873474514845,-2.60380947462979,-50.6202476797495,-75.6994695210219,-3.27959242968614,984.685000394233,0.169388182343938,-0.0239201932231765,0,0,0
66.18,-19.1820271487145,143.103765823121,153.324643593847,-47.482946355091,203.809382677588,206.00499633907,-17.7261708480755,-134.559989642847,-143.988682262383,-61.1211128137174,-325.686839942439,-349.094321679015,1.72223563613383,9.2140781178191,1.24733065021373,18.862466121774,26.8522944047479,-130.233618883108,-5.45244126165063,10.3206236371783,1.68170873874546,-7.04598332805036,32.0523260547099,72.7971789932562,-2.46437354924787,10.8283190916224,3.45666650829328,-32.7284666453619,13.3857514337969,-31.9744176829024,3.60876390005253,9.22827965731639,1.46175501742369,6.75749590195516,-17.1217816730509,154.691948931014,-8.81196058609292,7.07027547602,-0.81849056695368,18.2503752250041,-2.3472286229461,-167.21215554007,-2.53366893017805,13.1356911478939,-2.75394518292573,-42.9944012149066,-70.2319380224466,13.8658360857748,964.292944167471,0.169406984787535,-0.023947261787665,0,0,0
66.185,-18.4826313552264,139.879158697737,151.670786210258,-46.4716435752996,202.260555958463,206.326844623385,-18.3900227169136,-132.770373767739,-142.017894296989,-62.7117542164877,-318.12828055435,-345.448360506125,1.72057494005914,9.03256435802121,1.26562856946387,18.6550064384643,27.0989462334151,-128.520026771155,-5.01780053207218,10.3830803120561,1.80662843785868,-6.80118219461762,32.191123775727,72.7989575070527,-2.41126455712546,10.8220414680503,3.44674690414096,-31.9598219689783,14.7682187477488,-34.6247066805074,3.55504428495,9.07240368748493,1.43566000928941,8.5651400964792,-16.7510453256407,151.891326590734,-8.52101211976041,6.63274373167783,-0.802015069574605,18.8073619693014,-0.0618553419244081,-162.070132072383,-1.03091861950333,12.6598143937186,-2.92990363085298,-34.4854600987507,-64.4619749259067,30.7952126981443,942.354366008263,0.16951591621706,-0.0240051143308069,0,0,0
66.19,-17.8006564684381,136.394977357797,149.657606845999,-45.469724452497,200.383824560719,206.200018039031,-19.0455049400528,-131.096444627953,-140.013364441788,-64.2607632059671,-309.80179789617,-340.899878604775,1.73479364679043,8.85288692607378,1.27281299165794,18.329309635535,27.051626732573,-126.655410389783,-4.58757656705125,10.4228842679281,1.89796948094865,-6.43220443119398,32.039702072771,72.6400815851256,-2.36119388037762,10.7980468356063,3.40867998454014,-30.9784133429979,15.9631139524508,-37.2537601601108,3.48950671309296,8.91678443423035,1.40206099123661,10.3015608247077,-16.6315309913354,149.099943788208,-8.20793356466105,6.22149979140337,-0.778464060947478,19.4482812872638,2.06387460165052,-156.169977025703,0.44868267933136,12.1490887779668,-3.12748872050504,-25.2238180507498,-58.4398735411146,47.4532340362716,919.116031847465,0.169707042483672,-0.0241028071168135,0,0,0
66.195,-17.137212724484,132.688748790939,147.296558763298,-44.4786662716092,198.211636177741,205.645508884178,-19.6932793763672,-129.554887263016,-138.014087565506,-65.7644906437528,-300.745487557402,-335.469828852544,1.76262083662361,8.67504907944702,1.26876290571766,17.9016597391352,26.7088431545425,-124.662556013837,-4.1671511902211,10.4379023588309,1.95546209717154,-5.94229114960907,31.6018631960468,72.3308374450475,-2.31850642805932,10.7570280253077,3.34305748771752,-29.7980503888249,16.9546588257988,-39.8519738854154,3.4132400115804,8.76064820389889,1.36127771822882,11.9533474239582,-16.7658850394485,146.339050793748,-7.87930198816388,5.8330184742331,-0.748075754242785,20.1877744199476,4.02566462125648,-149.529323036824,1.89025074834976,11.6002255327722,-3.34150667481086,-15.3471492188505,-52.2176333833823,63.7907075823368,894.81228234052,0.169972438139112,-0.0242410597316889,0,0,0
66.2,-16.4932066682456,128.801211247429,144.605159698502,-43.499777640605,195.777726200458,204.687428601907,-20.3340646202361,-128.157048773516,-136.05517777639,-67.219485624193,-290.99899608749,-329.183870371432,1.80148370025212,8.49903461645534,1.25364635324907,17.3887932427359,26.0729670030161,-122.56594431866,-3.76157908078741,10.4266720002011,1.97993995654356,-5.33607987979194,30.8843662221427,71.880848983444,-2.28667834001236,10.699671620673,3.25174112703884,-28.4304296538621,17.7315243863031,-42.4055602468925,3.32739464675643,8.60334564282446,1.3139052326638,13.5080394092329,-17.1539491702059,143.626966188646,-7.53931484115075,5.46690315782685,-0.711074579816498,21.0387409786159,5.82099032196437,-142.169943294969,3.28203145752268,11.0145486283182,-3.56596614619264,-4.99666015675919,-45.8482137097035,79.7640897478954,869.656421409714,0.170303258245898,-0.0244124204566765,0,0,0
66.205,-15.8693303043771,124.775272773809,141.606661315891,-42.5341946183735,193.116604446465,203.352651920531,-20.9686098102335,-126.909037999605,-134.167352966856,-68.6224998136397,-280.602837889588,-322.071790579941,1.84855161341501,8.32481432489415,1.22792930340218,16.8073334525028,25.1502098027379,-120.391080233239,-3.37545801057593,10.3883908482216,1.97328752699334,-4.61971098427258,29.8967140393193,71.2992233603508,-2.26824335808336,10.6266107291295,3.13778639249836,-26.8856179724168,18.2866812041924,-44.896884023506,3.23317962249252,8.44437539619845,1.26080466708655,14.9544061091387,-17.7927952328775,140.979054183828,-7.19172387486502,5.12267255137311,-0.667660533891915,22.012072181806,7.44898118010036,-134.117116455272,4.61401916193764,10.3943913640735,-3.79441358732321,5.68650803166284,-39.3846573303771,95.3348627982133,843.84072469849,0.170691166110671,-0.024604025266485,0,0,0
66.21,-15.2660558288653,120.654895102467,138.329549393234,-41.5828795280832,190.263018058237,201.670428371942,-21.5976695586177,-125.811949676946,-132.376539080969,-69.9704886277424,-269.597762820789,-314.166873620982,1.90079072353424,8.15235708248098,1.19237308167108,16.1732673065126,23.9505058285604,-118.163804970402,-3.01283644341914,10.3228802426829,1.93833475846082,-3.80089802275221,28.6509138532245,70.5946955848091,-2.2647848266917,10.5383945513302,3.00529831976183,-25.1726197586968,18.6171488304948,-47.3049536944026,3.13185897894836,8.28339816193601,1.2030804665175,16.2827162257128,-18.6767741428234,138.407709423172,-6.83988813431993,4.79971746813412,-0.618021293475873,23.1164077953338,8.91030573564185,-125.399046043303,5.87791560194816,9.74290054725267,-4.02014698221633,16.5646220189746,-32.8791004255355,110.468784317206,817.532637895266,0.171125977715195,-0.0248020114398608,0,0,0
66.215,-14.6836361421951,116.483937333823,134.806886629296,-40.6466225239622,187.251400823844,199.67196115456,-22.2219805736989,-124.862203015998,-130.703600762215,-71.2606096122867,-258.024196908365,-305.505234781415,1.95502826337547,7.98164490133873,1.14802045659541,15.5014918949517,22.4873124285512,-115.909611934082,-2.67816180559969,10.2297023665825,1.87871151381422,-2.88895098091708,27.1612271103781,69.7757615489419,-2.2781127310902,10.4348266088341,2.85926934723421,-23.2999824831404,18.7236717832732,-49.6060402108582,3.02474768005793,8.1202403238391,1.14204485121425,17.4849928700738,-19.7975768885276,135.922342538508,-6.48685517314663,4.4973056839161,-0.56235505561449,24.3579188588659,10.2070643655255,-116.046362438044,7.06699522120632,9.06390262808043,-4.23643037360378,27.506354279648,-26.3816955528995,125.135043760606,790.878354171659,0.171595752352926,-0.0249916860341957,0,0,0
66.22,-14.1221111616688,112.304996105365,131.075515157183,-39.7260459188717,184.115321018268,197.389954889082,-22.8422404812512,-124.051981510585,-129.164201627738,-72.4902184949371,-245.921776530303,-296.125142048106,2.00802540030795,7.81269056106188,1.09617115403057,14.8054523628353,20.7773413902718,-113.652987828769,-2.37684037967388,10.107760704962,1.79866292580754,-1.89474335041567,25.4439225996909,68.8507909550524,-2.31095226257418,10.314670098054,2.70536428910284,-21.2763947423787,18.6103500512984,-51.7743910886958,2.91320680107168,7.95488706178771,1.07917115420185,18.5552495977325,-21.1443063132381,133.529363272394,-6.13544650234851,4.21457572469269,-0.500902236123902,25.7401185613386,11.3426927700691,-106.091729518253,8.1759133171114,8.36178437031099,-4.43670255167823,38.3893663557321,-19.9394855515058,139.30535992789,764.021359591831,0.172089406767374,-0.0251628124870731,0,0,0
66.225,-13.581319761609,108.158280012045,127.175140729857,-38.8216112127863,180.886941217247,194.858135667276,-23.4590892712382,-123.369757997516,-127.768793913799,-73.6568634626309,-233.328993538972,-286.066346845863,2.0565570876198,7.64555603262087,1.03834812066023,14.0968859329577,18.8402362804877,-111.416799319919,-2.11143581892474,9.95842579092527,1.70283180520142,-0.830616976170435,23.5170432535284,67.8281136162609,-2.36280175226809,10.1781913889901,2.54950842153909,-19.1112342658181,18.2842508127648,-53.7830052923088,2.7986380297807,7.78746553935375,1.01603832129587,19.4897026564009,-22.7035590132962,131.232161583037,-5.78825421585469,3.9504999820503,-0.433983092897138,27.2637039049317,12.321878185,-95.5695711855711,9.20055783255078,7.64137017239918,-4.61477694864345,49.1024260801175,-13.5952749015785,152.953051727753,737.123013357342,0.172598393427909,-0.0253057263448762,0,0,0
66.23,-13.0609169822323,104.080555875139,123.147324919855,-37.9336286912714,177.596504302624,192.110748777554,-24.0730937042381,-122.800886599742,-126.522733736468,-74.7582782885077,-220.28296517492,-275.369446197983,2.09749710183147,7.48036971259098,0.976256254814218,13.385679048887,16.6982108220176,-109.221744053742,-1.88019216374822,9.78632470895064,1.59604252131668,0.289777847817581,21.4001931660993,66.7160746172127,-2.42858249412567,10.0279947703897,2.39751923730901,-16.8150285915899,17.7550251883099,-55.6044338333571,2.6824775587441,7.61821941960457,0.954269310157571,20.2869541016018,-24.4595172718296,129.031090468302,-5.44765039828266,3.70386464310721,-0.362037541032543,28.9264310655408,13.1504890547621,-84.5159257058291,10.1378534614119,6.90783533009677,-4.76501614663525,59.5470268036448,-7.38655161967344,166.052113120913,710.369351081914,0.173121322825732,-0.0254170879731292,0,0,0
66.235,-12.5603959669968,100.104203047186,119.03441536074,-37.0622693912623,174.271860001986,189.18204146004,-24.6847349104001,-122.328241232512,-125.426514801289,-75.7923749801565,-206.819338329965,-264.075297987936,2.12790621168991,7.31734057686752,0.911735545692758,12.6798367728161,14.3756623136682,-107.085882771165,-1.68151540957112,9.59544076011887,1.48308746739894,1.45170562795503,19.1143470119081,65.5230557566165,-2.50381944029758,9.86604084565383,2.25494910141771,-14.3997984801752,17.0345496559919,-57.2115722625184,2.56618946405113,7.44747652856689,0.895466356227005,20.9481397151837,-26.3940514307165,126.923457004032,-5.1158381868542,3.47327574097134,-0.285663197491584,30.7230276243496,13.8355175233907,-72.9684285747458,10.9855056008286,6.16666558094413,-4.88247188866672,69.6384954863055,-1.34451640613521,178.576321983955,683.958612856974,0.173658648043091,-0.0254982354302618,0,0,0
66.24,-12.0791139201226,96.2564093749355,114.878446893225,-36.2075791619108,170.938045870449,186.105739856962,-25.2943993052161,-121.932878963302,-124.476110163075,-76.7572366453364,-192.972333036155,-252.224509658672,2.14512121934251,7.15676770564403,0.846710611046094,11.9855562379613,11.8987721353946,-105.024266676459,-1.51504424552643,9.38841434881573,1.36853536135118,2.63962688595592,16.6816798515066,64.257462533914,-2.58585141024771,9.69312798217784,2.12687586716168,-11.8792627820847,16.1366066390959,-58.5784140519542,2.45125863696863,7.27561194449125,0.84114609052576,21.4770349052442,-28.4868335007137,124.903530061169,-4.79487989698346,3.25717076153494,-0.205647324103633,32.645145109811,14.3850327052372,-60.9664177794052,11.7417637314687,5.42363751436812,-4.962992392093,79.3065941568166,4.5067238376013,190.498411883922,658.082280987924,0.17420735889903,-0.0255533940316184,0,0,0
66.245,-11.6163212264079,92.5585387427633,110.720048335565,-35.3694944838903,167.616935603769,182.914530856273,-25.9023728338916,-121.594705734859,-123.663408667394,-77.6511112705565,-178.774925043673,-239.857018576671,2.14684243903524,6.99904417932239,0.783138513468612,11.3073897289203,9.29510286332671,-103.048671193881,-1.37998572322845,9.16798513497636,1.25657480484165,3.83752826187468,14.1254116954445,62.9276776721694,-2.67205401950738,9.51014750910724,2.01764760809566,-9.26889276441686,15.0766131659201,-59.6807379083392,2.33918326411485,7.10300910525567,0.792677317239223,21.8801111299477,-30.7154631293751,122.962574203901,-4.48671143653674,3.05384147531318,-0.12298885242777,34.6813555267802,14.8081414023145,-48.5511491735063,12.4052081941047,4.68481636008399,-5.00329585968496,88.4956351135371,10.1507439669648,201.789335181927,632.914841464145,0.174764328400293,-0.0255930058512197,0,0,0
66.25,-11.1711927496594,89.0256953497765,106.597390381725,-34.5478596540155,164.326965975123,179.639560673397,-26.508838442984,-121.293121818603,-122.976730080738,-78.4724070810963,-164.259162108103,-227.011779455213,2.13121704015356,6.84465502507787,0.722956495881438,10.6484782894791,6.5931988095551,-101.16744383443,-1.27498585292964,8.93708205538839,1.15088229844409,5.0292893120764,11.4696585103366,61.5419837715583,-2.7597809289382,9.31824546571712,1.93070172013979,-6.58581318730215,13.8714008333184,-60.4967069681319,2.23146675237362,6.93002166476893,0.751223919600256,22.1665350407263,-33.0556072969393,121.088919326669,-4.19315183330574,2.86146989960918,-0.0389073621319612,36.8171957022142,15.1149518570287,-35.7661044141456,12.9745628459222,3.95656458207538,-5.00101140925342,97.1641438718523,15.5791221116086,212.417645188824,608.612297576545,0.175322969769251,-0.0256239129590634,0,0,0
66.255,-10.742860228671,85.6665041977523,102.545209783944,-33.7424448957432,161.082951654594,176.309962698522,-27.113876567755,-121.007624954301,-122.401400714399,-79.2196900980899,-149.456603398854,-213.726570746411,2.09691559049588,6.69416961530804,0.668030945719166,10.0108338966679,3.82219421772543,-99.3854701912892,-1.19818845658828,8.69876149324817,1.0545258506164,6.19907152069406,8.73927980655168,60.1084591362713,-2.84649142749489,9.11884473912622,1.86844066906015,-3.84855613622209,12.539045000441,-61.0073632856968,2.12960888252772,6.75693877596545,0.717694904560036,22.3481026319029,-35.4811552978594,119.268074709197,-3.91591194241829,2.67816404012654,0.0451631231837128,39.0352632599337,15.3165353622024,-22.6573696498462,13.4485358518441,3.24554031975199,-4.95469146571883,105.28411507191,20.7914561402637,222.349023951508,585.314204660202,0.175882637696296,-0.0256542097527044,0,0,0
66.26,-10.3304446246881,82.4831207964377,98.593943478243,-32.952964922105,157.895994727342,172.952427303728,-27.7174683199451,-120.718350437786,-121.920369640019,-79.8916844300552,-134.398866392813,-200.037927872423,2.0431990966369,6.54822958369783,0.620108528228073,9.39564725299142,1.01143112881242,-97.7042581931911,-1.14730015582262,8.4561460138545,0.969905585559805,7.33171373808011,5.95971260398363,58.634852076483,-2.92985943275897,8.9136495413537,1.8321625214126,-1.07668131290022,11.0987365510329,-61.1970067639574,2.03509586782844,6.58395623929167,0.692703080971465,22.4391013301075,-37.9643906991195,117.482894497401,-3.65660653505856,2.50196992782188,0.127596452883534,41.3153677581262,15.4248801495549,-9.27405995732888,13.8256837154022,2.55865638859975,-4.86380086634063,112.839915428952,25.7950485337426,231.545980362185,563.140612257605,0.176441570223408,-0.0256850928888088,0,0,0
66.265,-9.93308724489559,79.4714759585679,94.7690036783225,-32.1790974575729,154.773492906556,169.590825931561,-28.3195009670148,-120.406529414049,-121.51484444665,-80.4872757345642,-119.118260901897,-185.981206694069,1.9699738444242,6.40753384122257,0.580770088116769,8.80359901061072,-1.80991276074261,-96.1221367739219,-1.11965965783166,8.21236554306889,0.898729189652603,8.41311798506138,3.1567823541082,57.1284400141475,-3.00786067458934,8.70463299163123,1.8220448395273,1.70971709769895,9.57068594170655,-61.0534535200682,1.94938891483059,6.41115556027186,0.676533361449906,22.4560942450194,-40.4761820556508,115.713799365987,-3.41674221601564,2.33103657804904,0.206613826818864,43.634739900578,15.4528319700858,4.33123762762431,14.1043596791004,1.90316229240823,-4.72868118348947,119.826894499106,30.6042475260783,239.967740458026,542.189148686934,0.17700420506047,-0.0257150546024354,0,0,0
66.27,-9.54997847518779,76.6217539416293,91.0902212441739,-31.4205012207122,151.719247372292,166.245900873829,-28.9197752138039,-120.054849357923,-121.164924952804,-81.0055181633405,-103.648485755352,-171.590775850761,1.87783139244582,6.27282257357998,0.551387661911537,8.23515447548097,-4.61318700952203,-94.6345611609332,-1.11230977597409,7.97050299199886,0.84201792452359,9.43061025289086,0.35648313026558,55.5958804757903,-3.07883650952549,8.4940099761603,1.83717748133654,4.49059180836125,7.97604673723356,-60.5681745343801,1.87391086240282,6.23849244511826,0.669121242396072,22.4176227922746,-42.9861942046043,113.939056532089,-3.19771329509345,2.16377369740664,0.280338023272968,45.968300697519,15.4140161764715,18.1020308415394,14.2826989579853,1.2866884919773,-4.55050531773948,126.249768671854,35.2394485118332,247.570347978502,522.533384618028,0.177572024770797,-0.0257370856646828,0,0,0
66.275,-9.18038300413594,73.9190942102276,87.5714799055314,-30.6768328813466,148.733667872833,162.93503071766,-29.5180137343775,-119.647704114505,-120.850213403693,-81.4456449643615,-88.0253602040288,-156.900331706832,1.76807118741946,6.14486214469305,0.533084801546852,7.6908251569317,-7.37062332281242,-93.2345131533465,-1.12209323506717,7.73358543200372,0.800137649256227,10.373262420337,-2.4152781504244,54.0430615088786,-3.14155414354349,8.28423713182953,1.87564971110092,7.24658314153731,6.33684446486993,-59.7363212018714,1.81003053068375,6.06579566973245,0.670041671408433,22.3438265997987,-45.4631219328979,112.13511762266,-3.00084863180801,1.9986942279356,0.346860185273471,48.2889909556393,15.3227369032473,31.977527413942,14.3585189534518,0.716963200269251,-4.33123208419543,132.120846518637,39.72577695269,254.306988581667,504.220540198553,0.178146222350315,-0.0257438966064027,0,0,0
66.28,-8.82366050959951,71.3444989073489,84.2205582897305,-29.9477625350204,145.814069265373,159.672079522976,-30.1138703585869,-119.171324841988,-120.550380480714,-81.8070827615948,-72.2875594467357,-141.94332477263,1.64270349110124,6.02443261377937,0.526700402012995,7.17138447639075,-10.0556834747848,-91.9129811856144,-1.14576789685802,7.50462488383931,0.772848702242202,11.2321634572324,-5.13297579194076,52.4749591995664,-3.19526397813891,8.07804440706777,1.93468392007359,9.9596876406246,4.67589636200228,-58.556649871565,1.75904455692447,5.89277662664449,0.678508260614517,22.2559829606151,-47.8749476803816,110.277011394402,-2.82743306758489,1.83435452948584,0.404316450977407,50.5681595032914,15.1938500618168,45.892307167819,14.3292729914455,0.201596091863369,-4.07354936038341,137.458164507123,44.0914916459054,260.128545726,487.26887732846,0.178719869572483,-0.0257275998203141,0,0,0
66.285,-8.47928090940484,68.8759200389986,81.0391902939253,-29.232987283664,142.955050271404,156.467335454197,-30.7069392971949,-118.613787721693,-120.245667937572,-82.0894693714501,-56.4773219711073,-126.753481802769,1.50443066398827,5.91231912341649,0.532756361695448,6.67802908043528,-12.6434005687349,-90.6595018166288,-1.1799662738021,7.28639793507489,0.759368478927947,12.0006304130661,-7.77179682572582,50.895509802411,-3.23959933208447,7.87819518567269,2.0107136286116,12.6139217232494,3.01670832656501,-57.0313622744715,1.72215673260333,5.71904922914539,0.693382651037075,22.1759719739532,-50.189224663928,108.338786166273,-2.67869355733929,1.66949932171038,0.450969345370367,52.7760061439409,15.0426082465301,59.7760884621206,14.1921091002926,-0.251975865528795,-3.78081286205371,142.283600994884,48.3661643479055,264.984390170361,471.666366898784,0.17928316516643,-0.0256823242275406,0,0,0
66.29,-8.14683344586761,66.4894927073164,78.0233473040871,-28.5322425735995,140.148942012629,153.327541890507,-31.2967637933257,-117.964899225939,-119.917310848564,-82.2926748498253,-40.6410956749578,-111.365403474819,1.35660534637958,5.80930779107922,0.551429667235288,6.21248113730226,-15.1107126785885,-89.4627416918697,-1.22117027642137,7.08123534271071,0.758442217584604,12.6743520525465,-10.3080058763268,49.3075035318847,-3.27446468691084,7.68725088053794,2.09948480638861,15.1959469986991,1.38333691905183,-55.1658825538221,1.70045517748051,5.54415927340324,0.713193770976604,22.1256777510671,-52.37338634436,106.293995186634,-2.55579912313403,1.50312645969824,0.485291018337328,54.8820725775174,14.8844772084656,73.5536150095251,13.9439255229763,-0.636646309737654,-3.45698799322042,146.621033026281,52.5787072875914,268.823398369054,457.376389377818,0.179823383447239,-0.025602351710404,0,0,0
66.295,-7.82602907690946,64.1608737916878,75.1637382786409,-27.8453110186309,137.386310993835,150.256021072668,-31.8828436177683,-117.215964888634,-119.547865281892,-82.4168252998704,-24.8300900090412,-95.8152137752933,1.20316470008746,5.71618602021243,0.582529841712279,5.77703045136581,-17.4367862246631,-88.3110971076497,-1.26593803036378,6.89127162666895,0.768418189218035,13.2514602228711,-12.7193361365866,47.7125063303104,-3.30014185251234,7.50777754764775,2.19630844495531,17.6956240873088,-0.199793606188157,-52.9685941991531,1.69488806419194,5.36762185918711,0.736166732334747,22.126340438915,-54.3950824631999,104.116217068703,-2.45986401714276,1.33449755098175,0.506043861828225,56.8557715864631,14.7349252276062,87.1446872037509,13.5814309269424,-0.94587036590225,-3.10659216049706,150.494594591189,56.7553329747681,271.59518784776,444.349641729264,0.180326390387552,-0.025487244306051,0,0,0
66.3,-7.51669587896786,61.8666395883778,72.4465159936952,-27.1720285247092,134.656498784475,147.252887215244,-32.464640881766,-116.359452799644,-119.121430643936,-82.4623288134342,-9.10070271277707,-80.1412341050964,1.04854061616454,5.63374643565157,0.625483053766336,5.37451804220146,-19.6033244722374,-87.1932871321674,-1.31103614099368,6.71857509074973,0.787325093008377,13.7325260414985,-14.9853962399731,46.1108149391561,-3.31731146173614,7.34242294560172,2.29628086667945,20.1064626610068,-1.70812673770095,-50.4505614727433,1.70623899642275,5.18896506542623,0.760261121390806,22.1978780807599,-56.2225409099459,101.779602847897,-2.39194344110535,1.16314178085647,0.512353800541132,58.6669418500162,14.6091884426058,100.464359668482,13.1012303851707,-1.1739180195757,-2.73463457210359,153.927086888831,60.9175400490805,273.251550125253,432.540199521404,0.180784520011421,-0.0253342827257015,0,0,0
66.305,-7.2187674225435,59.5856912847553,69.8541700256927,-26.5122876308989,131.948178761794,144.315342837658,-33.0415837229927,-115.388568245105,-118.623759906057,-82.4299027738384,6.48520791914561,-64.3846527831215,0.897546656483968,5.56279304400972,0.679324480416103,5.00826496300019,-21.5948544920304,-86.0989158637064,-1.35342799772535,6.56503757530496,0.812951048731998,14.1204797954867,-17.0880801856737,44.5014493850798,-3.32693591988944,7.19375518759975,2.39443612842319,22.4259370281565,-3.11726633663869,-47.6252599052105,1.73510349386339,5.00777777438823,0.783218408222011,22.3582012068853,-57.8249534231208,99.2594410161926,-2.35301971552434,0.988857251369602,0.503772066340102,60.286413068927,14.5220169287932,113.423323661968,12.4999429787137,-1.31613824090568,-2.34654992205497,156.938581361866,65.0802240993348,273.748054063897,421.920144400222,0.181189636635164,-0.0251455286626889,0,0,0
66.31,-6.93226435270231,57.30061396829,67.3665795780922,-25.866038086054,129.249908969114,141.438048966912,-33.6130675271555,-114.296760832677,-118.042255327723,-82.3206016193684,21.8602308940262,-48.5901591717797,0.755243480088152,5.50414781256254,0.742700674112373,4.68195166197132,-23.3989839828939,-85.0189798956609,-1.39030936546824,6.43235392062543,0.842923846617347,14.420455144783,-19.011965270909,42.8821855781933,-3.33018242730416,7.06418806976895,2.48592895929901,24.6556390724094,-4.40332826820047,-44.5083391276074,1.78186829661923,4.82375933890367,0.802618066725523,22.6225462394755,-59.1728815975319,96.5327318719996,-2.34397722866839,0.811714447611251,0.480321627295684,61.6865639319579,14.4874080040161,125.928489053521,11.7743578576438,-1.36921994015934,-1.94812149828737,159.545245568554,69.2500129192115,273.045784728351,412.493486375843,0.181536725816325,-0.0249241920380872,0,0,0
66.315,-6.65726968563476,54.9989334135609,64.962192301169,-25.2332847881462,126.550659581667,138.613556959411,-34.1784534767692,-113.077189922841,-117.365852010346,-82.1358440607696,36.9515117197859,-32.8065111472807,0.626785581125447,5.4586557120663,0.813883638139828,4.39945430562562,-25.0066177044842,-83.9462984798904,-1.41915210226223,6.32203027755826,0.87479295871632,14.6395599783187,-20.7446812830752,41.2496291405068,-3.32835507308549,6.95593397337468,2.56622675413099,26.8012439524569,-5.54334983523283,-41.1174386789534,1.846695316779,4.63676869161055,0.815941730413735,23.0028560140706,-60.2386779284194,93.5787624464524,-2.36556510343102,0.632066113532984,0.442524914810945,62.8418541264312,14.5183348362726,137.883775632407,10.9216352524014,-1.33143409301952,-1.54538911959916,161.758411145053,73.4239211717618,271.113174812416,404.305381272713,0.181824090419916,-0.0246780727411426,0,0,0
66.32,-6.39389860890141,52.674215346717,62.619289070448,-24.6140833195209,123.84029372518,135.832787098854,-34.7370643666953,-111.722177985323,-116.584796516789,-81.8774386668719,51.6810787796019,-17.0870051432964,0.517253268233915,5.42718640426224,0.890798015407641,4.16464542112741,-26.4121220448075,-82.875846274842,-1.43773966916476,6.23539208429224,0.906113433947635,14.7865782511893,-22.2772330499953,39.5993298696786,-3.32282373139569,6.87095761583868,2.63129852206021,28.872268936463,-6.51575269981271,-37.4720734951711,1.92951198139065,4.4468705088018,0.820644307186571,23.5072366868156,-60.9969147820388,90.3796728892428,-2.41834732253075,0.450566679876776,0.391410080845648,63.7293113625316,14.6264798450402,149.191117351842,9.9395569147649,-1.20284030006552,-1.14453806780278,163.583893065172,77.5884097355302,267.92787738495,397.441389159977,0.182056691116689,-0.0244132351045261,0,0,0
66.325,-6.14226383703418,50.3269543733494,60.3172895378455,-24.0085334121468,121.10998147457,133.085536967278,-35.2881777885002,-110.222684360764,-115.690332713883,-81.5476066845535,65.9663964635517,-1.48981953845752,0.431474859801864,5.41063115396092,0.971062231683536,3.98116720699574,-27.6134255612879,-81.8049719071094,-1.44419402762657,6.17358976468432,0.934530846314505,14.8716094668824,-23.6042578814344,37.9259344264555,-3.31495208391608,6.81093069481609,2.67779519912657,30.8816123053709,-7.3008516911998,-33.5936007033626,2.03000939348312,4.25437617460789,0.814230473162672,24.1395197663074,-61.4248124042801,86.9210043301104,-2.50264106057784,0.26820248960582,0.328493746976292,64.3289554723606,14.8219835083269,159.751675676738,8.8268267014158,-0.985440757589293,-0.751766918230347,165.021561045107,81.7189202006584,263.47862028815,392.016457972153,0.182245396020507,-0.0241377236548432,0,0,0
66.33,-5.90243781543498,47.9652043198832,58.0380493946405,-23.4167707680772,118.352528814036,130.36100096401,-35.8310169569502,-108.567833690102,-114.674311763193,-81.1490009462143,79.7211476679152,13.9217952601965,0.373844981386937,5.40989415386018,1.05204365058117,3.85218708242911,-28.612043266033,-80.733489768339,-1.43699386693346,6.13760079008632,0.957865119836003,14.9056552251844,-24.7241995128225,36.223372946346,-3.3060274989456,6.7771880983582,2.70321368542926,32.8448675104903,-7.88139838510287,-29.5052734929888,2.14764919724765,4.05987754843852,0.794334422469158,24.8989558024812,-61.5026555624638,83.1922167674655,-2.61844519244904,0.0863315786139638,0.255739102747365,64.6241441970487,15.1132198532992,169.467249562199,7.58341664692015,-0.683265253390828,-0.373134817026953,166.0651579559,85.7799354316588,257.766974598794,388.154298868947,0.18240841787544,-0.0238556491424458,0,0,0
66.335,-5.67441327415156,45.6049082567262,55.7670979045803,-22.8389577381383,115.562605987885,127.648281353393,-36.3647396254372,-106.744533697482,-113.528747608651,-80.684719742255,92.8562407919364,29.079503088682,0.348145586245956,5.4258781868122,1.13092687175717,3.78014657073737,-29.4130130547144,-79.6636373777162,-1.41498444969865,6.12822749319922,0.974189549770645,14.900165404489,-25.6393809716972,34.4850733786129,-3.29719597056198,6.77068703398502,2.7060349718413,34.7794176193299,-8.24314464993109,-25.2323817738868,2.2816793321137,3.86427191152909,0.758800228517519,25.780062302807,-61.2141873516039,79.187163466973,-2.76536347544821,-0.0932784002962335,0.175489223106611,64.6018292739344,15.5066099441637,178.241859994737,6.21094333391194,-0.302378849818414,-0.0143918606330404,166.702356701109,89.72559340927,250.808963144539,385.967980025759,0.182569707954022,-0.0235712287829486,0,0,0
66.34,-5.45806379980398,43.2698948694317,53.4947635562751,-22.2752734229418,112.736863039077,124.936870924363,-36.8884257052033,-104.737215953023,-112.245343188236,-80.1583145987266,105.281028705475,43.9100631498531,0.357376846387995,5.45946531373948,1.2047933267121,3.76651637694612,-30.0247340945723,-78.5998961233708,-1.37737966578225,6.14609083040528,0.981900012820351,14.8665599352571,-26.3559604669891,32.7041955556804,-3.28940569446722,6.79197102697558,2.68582529987221,36.7033262430042,-8.37540769819695,-20.8024736307269,2.43115808321017,3.66877693121559,0.705759731112259,26.7726427531717,-60.5469682236254,74.904505802972,-2.94253803549562,-0.268484074289454,0.0903762112785585,64.2527166616052,16.0064838991442,185.983476931144,4.71302051661188,0.149146108535001,0.319202044851923,166.915045835575,93.5008545779613,242.636431328178,385.547579755131,0.182751584675439,-0.0232799882531394,0,0,0
66.345,-5.25310620983761,40.9915179933113,51.217136776031,-21.7259038013023,109.873924328012,122.217087786323,-37.4010643573424,-102.527730427924,-110.815015723939,-79.5737910004865,116.904719648128,58.3357190771503,0.403605329586988,5.51149394899574,1.27070938961987,3.81157230177613,-30.4586992706375,-77.5486790906453,-1.32375708772269,6.19162104724279,0.979768545801399,14.8157454546154,-26.8837571089835,30.8738754416799,-3.2833629277497,6.84114115167562,2.64328896647713,38.6340531596823,-8.27161489627714,-16.2456466103634,2.59498505627297,3.47493499246405,0.633704569244945,27.8619863280209,-59.4926884865663,70.3480497477388,-3.1485788620797,-0.436727815257501,0.00321053117094169,63.5713307648045,16.6150001895745,192.605846499451,3.09564289966607,0.661432977433027,0.623055539902052,166.679834458803,97.0431938568607,233.298102453708,386.956989891324,0.18296847304533,-0.0229815738862662,0,0,0
66.35,-5.05906657001376,38.8079279648056,48.9368216157772,-21.191032508804,106.974258499756,119.480444027629,-37.9015414573943,-100.095420010456,-109.227451610477,-78.9356012355494,127.637952987527,72.2748029048357,0.487836811794251,5.58273414977733,1.3258194179739,3.91420807742186,-30.7291169662077,-76.5178957488604,-1.25404685587874,6.26504679549408,0.966975452163154,14.7576489829578,-27.2359371191446,28.9874688646401,-3.27950336354932,6.9178370041968,2.58026253988054,40.587035141007,-7.92980406688621,-11.5948937101869,2.77193698957666,3.28460676225731,0.541548910280045,29.0292492381339,-58.0474233782576,65.526982823039,-3.38147242152493,-0.594839505745312,-0.0831452452994458,62.5559887462749,17.3321280843702,198.030367238378,1.36763629989731,1.22325598697518,0.893401694777134,165.968767609903,100.284758842761,222.860243967249,390.237895806264,0.183222462646343,-0.0226738230829051,0,0,0
66.355,-4.87525168609251,36.7629767841796,46.6634332193418,-20.6708328810171,104.039925557172,116.719931928464,-38.3886284304281,-97.4173946065768,-107.470722424778,-78.2486287035752,137.394506394587,85.6425542643026,0.609920608459849,5.67386310804515,1.36743957470055,4.07180187872235,-30.8524214855295,-75.5164091538605,-1.1684102342,6.36644049713478,0.943115699491644,14.700792630135,-27.4285562207293,27.0387834613641,-3.27788032463153,7.0212923219394,2.49964002095265,42.5741843425949,-7.35305363534306,-6.8864854746342,2.96070575524197,3.09995433398132,0.428679652792381,30.2520090918519,-56.2118212945098,60.4559889497295,-3.63853278879274,-0.739032016883796,-0.165912521320279,61.2086967387659,18.1556951288302,202.187956766064,-0.459050875329162,1.82245046436214,1.12742963283146,164.750243517049,103.154907350566,211.406879756084,395.415992404901,0.183501417295138,-0.0223591792927484,0,0,0
66.36,-4.70072781801799,34.9047736149357,44.4138046599072,-20.1654618403621,101.074208131085,113.930214128539,-38.8609735107374,-94.4690160619423,-105.530993227783,-77.5181632267798,146.09309535921,98.3521481655927,0.768491419458954,5.78544265348512,1.39314805442642,4.28015271641179,-30.8466762339959,-74.5534066204559,-1.06616907194586,6.49625206497991,0.90818180084744,14.651933735093,-27.4799600693131,25.0222877008919,-3.27716342418559,7.15095391418409,2.40519911839795,44.602367255089,-6.54981701307807,-2.16036675779749,3.15993560401057,2.92341470942019,0.294991420378908,31.5049737049538,-53.991217730279,55.1552189594502,-3.91641164575772,-0.865074623072872,-0.242533657700313,59.5349842750681,19.0814967207589,205.020845389927,-2.3692512268135,2.44629199088617,1.32338084596494,162.990122807327,105.583012344383,199.039496910276,402.506707391019,0.1837813609471,-0.0220420349419168,0,0,0
66.365,-4.5343082058084,33.2839224419468,42.2118753636133,-19.6750561429697,98.081139478575,111.107707549561,-39.317096486454,-91.2245951434079,-103.392352471519,-76.7498671206203,153.659221232048,110.315917671496,0.960953399670873,5.91790008430799,1.40086749125226,4.53350079477729,-30.7308792513831,-73.6377091336225,-0.946632751141052,6.65480263690103,0.862506735624738,14.615793386099,-27.4100517653343,22.9332868175915,-3.27548535372443,7.30595154084104,2.30141434349949,46.6719358265181,-5.5341372644236,2.53945555032168,3.36825675116681,2.75766467749031,0.140904479112981,32.7608161895683,-51.3956698020521,49.6500971307289,-4.21112602460002,-0.968389913368211,-0.310802093193308,57.5436958976615,20.1034596280718,206.484231487986,-4.34455570586788,3.0820370430644,1.48058607600023,160.653016647446,107.501402636757,185.876212967166,411.518427364411,0.184033467982856,-0.021732222882596,0,0,0
66.37,-4.37455075964814,31.9514892319902,40.0882436570645,-19.1997314135107,95.0649458916249,108.250554872977,-39.7553879387526,-87.658290459552,-101.036789349741,-75.9497320192876,160.027020266219,121.446750849776,1.18350954930078,6.07151293071043,1.38893585767621,4.82464200827927,-30.5241867011817,-72.7770477911472,-0.811995610357562,6.8407714566505,0.806679907130528,14.5948927482053,-27.2394434663458,20.7680573446141,-3.27329182271964,7.48341269279193,2.19329658275792,48.7753881552995,-4.32572143318369,7.16455921655292,3.58431280751094,2.60557830908914,-0.0326352743542719,33.9910996729668,-48.4399086551025,43.9709493123217,-4.51812155207535,-1.04416001308433,-0.368975394085789,55.2467592549209,21.2138463379819,206.547735485929,-6.36343337867579,3.71752119591515,1.59943832521306,157.703735491442,108.848295363658,172.050391107453,422.45142423505,0.184232475888352,-0.0214347969488546,0,0,0
66.375,-4.21976695408761,30.9567611121357,38.0793777960792,-18.7395842844173,92.0294258187651,105.358481847066,-40.1741138730513,-83.7451868598131,-98.4443392935429,-75.1240267015445,165.141063548779,131.659634810465,1.43123762846764,6.24639745486504,1.35616300917623,5.14514107980301,-30.2450762260111,-71.9773371142552,-0.66589384602314,7.05205263902442,0.741448768311843,14.5895110516117,-26.9885175272883,18.5239346745235,-3.27204124935577,7.67944637321475,2.0860549378749,50.8962383482681,-2.94985882247885,11.6618143159896,3.80678028795765,2.47017829968191,-0.22417400150412,35.1672484394924,-45.1432094104782,38.1524460317691,-4.83238741861538,-1.08749888640577,-0.415861069755406,52.6589469053518,22.4034832112912,205.196595089592,-8.40154482163933,4.34172885412098,1.68130395378478,154.108872617189,109.57057252618,157.70871504233,435.290118223893,0.184360758505915,-0.021154160583909,0,0,0
66.38,-4.06804258260349,30.3448742968506,36.226492869708,-18.2946978246952,88.9772919444929,102.432543483307,-40.5714264635844,-79.4625181067046,-95.5934115433456,-74.27923641936,168.958056437055,140.873313601287,1.69821170395607,6.4424999492121,1.30187107069841,5.48564069251775,-29.9104783463396,-71.241975060183,-0.510621861376108,7.28719504107043,0.667605988663715,14.5977717301964,-26.6764309331195,16.1993515524277,-3.27163159741725,7.89082860425632,1.98467124649143,53.0081731157777,-1.43717369101891,15.9731791110184,4.03437940378275,2.35458228040914,-0.431783957778276,36.2615183576885,-41.5291803928896,32.2328641343795,-5.14861597102091,-1.09365271360428,-0.450867297443451,49.7976447695202,23.6619932892409,202.432553903583,-10.4322320065673,4.9453185851706,1.72837556088669,149.838487288992,109.626259526515,143.008760954239,449.994904566064,0.184410537995676,-0.0208871371556345,0,0,0
66.385,-3.91727058255852,30.1544000089359,34.574114870545,-17.8651502971851,85.9095055018445,99.4747671155462,-40.9453813940146,-74.7909860858929,-92.4613044436441,-73.4219944882074,171.448386230172,149.012021433619,1.97766620802144,6.65958935517842,1.22591796799763,5.83625589383779,-29.534909854678,-70.5711980734978,-0.347710106833112,7.54501127383175,0.585890413730106,14.6158545557072,-26.3201044023632,13.793829359027,-3.27104971402918,8.11462598708204,1.89360017014459,55.0745660737635,0.176790375003182,20.0356117957352,4.2658764441907,2.26194503287877,-0.653111611757139,37.2479186651962,-37.6254750799158,26.253182252661,-5.46140026478198,-1.05821367754279,-0.474012812297402,46.6826342916941,24.9780148448208,198.274408077543,-12.4271687589754,5.52106519312242,1.74347841393384,144.867842080053,108.986578676327,128.116129058161,466.498068446891,0.184386464095363,-0.0206287109822192,0,0,0
66.39,-3.76519564466611,30.41498757851,33.1683675424842,-17.4510271273566,82.8246339657739,96.4877051348271,-41.2939619802508,-69.7161172473025,-89.0249045242738,-72.5590071463774,172.597468366172,156.00724831724,2.26219714030519,6.8972495009866,1.12870444207813,6.18703483806283,-29.1296479020501,-69.9615166956242,-0.178707771023472,7.82412724542002,0.496904832160343,14.6383224171637,-25.9332436979491,11.307928069617,-3.26921128481684,8.3477392175395,1.81651838374545,57.0484094608297,1.85215056206,23.7811257459887,4.50007910962175,2.19539733528702,-0.885436878061817,38.1030397903551,-33.4634314796425,20.2560377314891,-5.76545801459776,-0.97733041568925,-0.485893517920452,43.3358887949687,26.3393896590794,192.758190223679,-14.3571414989566,6.06418280893943,1.72984786131417,139.179138903993,107.637474442916,113.201220274255,484.70949832041,0.184301056741044,-0.020368003913215,0,0,0
66.395,-3.60946979303979,31.1451703252931,32.0550318377085,-17.0524358082785,79.7182638157004,93.4739147626237,-41.6151099168244,-64.2295873147633,-85.2615548764264,-71.6969729234848,172.406844578675,161.799491850436,2.54399292084054,7.15486940722167,1.01116573847679,6.52845951710442,-28.7019866085318,-69.4052534017501,-0.00512123043003864,8.12298708164071,0.401056215055559,14.6585425207134,-25.5254446278627,8.74316439735189,-3.26498112104985,8.58695956536174,1.75610112805271,58.8727072098516,3.54541999733505,27.1370154784511,4.73582699103748,2.15798199109088,-1.12574004916443,38.8067478484509,-29.0776445139992,14.2845842897379,-6.05586611215411,-0.847898056936213,-0.487607260589097,39.7813782921347,27.7333104188755,185.936985342913,-16.1929174939997,6.57250029783907,1.69089891269409,132.763189916758,105.580538145048,98.4357624077225,504.529811497935,0.184173032247037,-0.0200880630167708,0,0,0
66.4,-3.44771758440726,32.3504417264417,31.2774413247307,-16.6695233129442,76.5824990667061,90.4353862633893,-41.9067621100723,-58.330438649467,-81.1500672463804,-70.842497967778,170.894991141034,166.339946781236,2.81508557135324,7.43163060689711,0.874749780979871,6.85195447944013,-28.2546189826518,-68.8901998104646,0.171668613704934,8.43986360664085,0.298532670521515,14.6691741568025,-25.1014342466912,6.1019103342884,-3.25715909883955,8.82903151725532,1.71387793134998,60.4813534192338,5.21038474910439,30.0262795191124,4.97197986241144,2.15258750691437,-1.37077281672453,39.3427154046161,-24.5054775667554,8.38129939858473,-6.32828561581037,-0.667713163951912,-0.480642250503703,36.0448721909455,29.1464240359137,177.88038858172,-17.9061479620021,7.04646940617133,1.63001068451036,125.620953676344,102.833295476119,83.9892036921744,525.863295598097,0.184028478528815,-0.0197695539320435,0,0,0
66.405,-3.27760905590443,34.0217057005974,30.8742889897197,-16.3024954449144,73.4055736060305,87.3729443005909,-42.166892671431,-52.0261122718016,-76.6718412264245,-70.0020089603682,168.097801482096,169.592083141537,3.06761153530349,7.72649116887586,0.721384033635466,7.15036854506619,-27.7851852018523,-68.3994055750614,0.350492236555278,8.77286585348077,0.18932213445693,14.6626896684392,-24.6604983029035,3.38728562491608,-3.24444791141547,9.07071247087167,1.69018178567761,61.800496946301,6.79910773371836,32.3682646338264,5.20740652815349,2.18187995508541,-1.61712978579844,39.6987693894908,-19.7865198050802,2.58679691741151,-6.57915689499605,-0.435582776076518,-0.466738267313188,32.1537267422811,30.5648961601977,168.673628098478,-19.4702499489604,7.4889985981655,1.55034673819733,117.7648645677,99.4288576570024,70.0250985750684,548.619774235461,0.183894874249424,-0.0193889919639387,0,0,0
66.41,-3.09693808317465,36.1341945459902,30.8774307815239,-15.951637439957,70.171600991545,84.285649492175,-42.3935587705726,-45.3332198283505,-71.8120436296427,-69.1816653847918,164.068715115435,171.53306434698,3.29407071839059,8.03816695925991,0.553433466993589,7.41839486542828,-27.2860235504076,-67.9111064257611,0.530474894493129,9.11994316886548,0.0732724854541685,14.6318925723684,-24.196138676853,0.603057299444198,-3.22541019398876,9.30883034614724,1.68419617566896,62.7503672225587,8.26304513026887,34.0795531472873,5.44097668660047,2.24823381543104,-1.86131707338211,39.8670497863374,-14.961996376116,-3.06129699434286,-6.80586155782966,-0.151376242443494,-0.447732483225494,28.1366441928136,31.9744505288776,158.416387174292,-20.8612244527322,7.90512925995108,1.45472417050506,109.21988516554,95.4149731745806,56.6976106893143,572.70801905934,0.183795141246204,-0.0189257821206743,0,0,0
66.415,-2.90370343187789,38.6469302592755,31.3097781121594,-15.617335043639,66.8604792634718,81.1702284219925,-42.5849487250993,-38.2779909052643,-66.5607924378737,-68.3872730151912,158.878473919807,172.154958714261,3.48757240894498,8.36511151780025,0.373652051590166,7.65289867509425,-26.7441524797385,-67.3987942460024,0.711110572729017,9.47888637989812,-0.0498128585312713,14.5703973881426,-23.6959944539353,-2.24644287457041,-3.19842659387066,9.54034162620798,1.69409388301962,63.2475100721462,9.55426328584979,35.0751110654593,5.67155769660751,2.35366301104484,-2.09981499598519,39.8439857955477,-10.0741392783394,-8.52934884011536,-7.00682597008009,0.183977395788719,-0.425403467157646,24.0233934269497,33.3604037822207,147.221367337882,-22.0583550543278,8.30156650087233,1.34554298098284,100.024217404231,90.8525491874291,44.1482510832597,598.022287997052,0.183750063038228,-0.0183666940536638,0,0,0
66.42,-2.69618953424723,41.5027795261709,32.1833744476479,-15.3000952400895,63.4479607099598,78.0205602434907,-42.7394304674695,-30.8963484740755,-60.91428355806,-67.6242005291505,152.614497208284,171.465701410202,3.64205772701226,8.70549674268251,0.185129863443182,7.85312955286339,-26.141501690505,-66.8314279861505,0.892318959552544,9.84732756535348,-0.180055081943009,14.4730396814401,-23.1420469057789,-5.15637613271669,-3.1616689228798,9.76239373110238,1.71725119256104,63.2073573137584,10.626747479601,35.2697089785653,5.89801730163418,2.49975381972949,-2.3291326267183,39.6301083996272,-5.16552775511115,-13.7885546230959,-7.18153571821625,0.568532060343451,-0.401326918502422,19.8444869458734,34.7077207627351,135.212638440807,-23.0447342931995,8.68607940755719,1.224783664225,90.2296192604372,85.8137374677245,32.5029566722072,624.428484875595,0.183772728758837,-0.0177087125192577,0,0,0
66.425,-2.47304392812815,44.6291212238558,33.4977492755566,-15.0005657998988,59.9058880381994,74.8272464555095,-42.8555984114444,-23.2335887950056,-54.8757959677825,-66.8973011367606,145.379878478117,169.489768918383,3.75249009360206,9.0571973746596,-0.0087629509034538,8.02080516143475,-25.4553975954571,-66.1737809195513,1.07447811931297,10.2227411795582,-0.317371243666874,14.3361916876067,-22.5111130645987,-8.12142793828554,-3.11310302004212,9.97239648425203,1.75051248514314,62.5470324690407,11.4377970179478,34.5796196569629,6.11923231129002,2.68760170211637,-2.54585325572905,39.2297283042944,-0.278408567412483,-18.8155704776914,-7.33048609063923,0.999406744554885,-0.376755324985744,15.6308154527227,36.0011160512358,122.523822428051,-23.8076175616279,9.06682782191683,1.09406099039989,79.9012886658845,80.3796974530507,21.8695959804813,651.752245154379,0.18386639084832,-0.0169644020551276,0,0,0
66.43,-2.23334837111018,47.9391114035018,35.2386355208941,-14.7195528501522,56.2025899492114,71.577287413857,-42.9323167549445,-15.3436686999813,-48.4565124629037,-66.2108410440101,137.292018549828,166.268534647061,3.81500761409653,9.41778296974763,-0.20443537094339,8.16006493917861,-24.6592950531898,-65.3869174491189,1.25842644081851,10.6024504482711,-0.461354429004672,14.1579677222276,-21.7756161850484,-11.1358166276536,-3.05053405004176,10.168107443636,1.79047459301334,61.1882791361681,11.9495024361618,32.9245852735991,6.33410208243413,2.91775423283545,-2.7466714202577,38.6505149616288,4.54599149033386,-23.5929128138227,-7.45508155712784,1.47289887630025,-0.352531208879812,11.4132479499282,37.2252239751692,109.296155458868,-24.3386051432126,9.45166593176501,0.954718444673607,69.1172945474804,74.6381576087917,12.3359685483356,679.767675465112,0.184025066808469,-0.0161596193542088,0,0,0
66.435,-1.97668087642337,51.3334989374087,37.3771237748022,-14.4580357417264,52.3034216851989,68.2538847730545,-42.9687573987057,-7.28812875224444,-41.6760995251298,-65.5684364383239,128.480921137359,161.860282187689,3.82703377386006,9.78452143823981,-0.398139198602304,8.2773035077678,-23.7237339339519,-64.4287913851779,1.4454289856368,10.9836437809593,-0.611180551598201,13.9383131960241,-20.9046056204084,-14.1932886865559,-2.97170273410019,10.3477347519384,1.83375865070819,59.0603902662685,12.13029863104,30.2300330780179,6.54156461005752,3.19016225654634,-2.92842381322806,37.9030150849,9.26814608188776,-28.1091188353663,-7.55747963159978,1.98461018932757,-0.329039894112525,7.22221093494073,38.364851662978,95.6764688161788,-24.6336498368252,9.84745854967195,0.807950010467003,57.9675549321501,68.6808957995778,3.9683429157922,708.191677827206,0.184237273169899,-0.0153308783717971,0,0,0
66.44,-1.70316628189091,54.7029189065421,39.8693090102013,-14.2171785895932,48.171430426686,64.8363835840335,-42.9644309085643,0.865298028274074,-34.5630006096034,-64.9730005026539,119.087187134102,156.339861747986,3.78734502487276,10.1543980682159,-0.586039446739641,8.38090319542881,-22.617486740463,-63.2549570368499,1.6371054593978,11.3634060851793,-0.765557089456127,13.6789802285739,-19.8649846146469,-17.2871140340981,-2.87443492401537,10.510058785161,1.87723979337424,56.103016787728,11.9565814741507,26.4295015789008,6.74061238481705,3.50414120244714,-3.08811757669946,37.0001477220438,13.8508856252868,-32.3586732545857,-7.64039652903302,2.52957391722854,-0.306203864705292,3.08726406675822,39.4053188854082,81.8151236833017,-24.6929140002466,10.2594568334542,0.654929526080134,46.5523826064388,62.6012506533893,-3.18944251679034,736.684185945924,0.184484964549459,-0.0145173553886906,0,0,0
66.445,-1.41351342220797,57.9305719366396,42.6564639275277,-13.9983379814524,43.7681216282052,61.3003615853243,-42.919209273416,9.04432702966856,-27.1544116095637,-64.4267017395276,109.259752625368,149.7979851124,3.69609547237859,10.5241531299141,-0.764293653779635,8.48089199105297,-21.3088527339632,-61.8193840606616,1.83531954109527,11.7387691288337,-0.922724303461313,13.3834006333292,-18.6228929404282,-20.4100972227029,-2.75683980949157,10.6545703931989,1.91821161112125,52.2687430238008,11.4143643866451,21.467221055105,6.93030505545823,3.85834427295908,-3.22295994188515,35.9567081949327,18.2600101235772,-36.341720528225,-7.70689408135268,3.10237470931877,-0.283516916054225,-0.963308932038811,40.332876062075,67.8639293608245,-24.5205087011148,10.6907758183762,0.49692816376125,34.9806386387064,56.491760633802,-9.11631025814519,764.85899762198,0.184750423091866,-0.0137544847898585,0,0,0
66.45,-1.10903749232463,60.8951859765503,45.6657492916191,-13.8030664799618,39.0543002980307,57.6178667642873,-42.8333395801356,17.1739386560441,-19.4959241225394,-63.9309346261612,99.1534226730922,142.340164741781,3.5547999493648,10.8903397334204,-0.929141535354302,8.58855681794345,-19.7670452046139,-60.0753662253856,2.04203204681846,12.1067834780704,-1.08051312801407,13.056472786953,-17.1451826032566,-23.55462104799,-2.61754492830632,10.7816193378778,1.95447194677041,47.5253335228152,10.5009357518461,15.3007741820263,7.10977636076846,4.25074902339979,-3.33039284531745,34.7889060651055,22.4648380777557,-40.0635930642717,-7.76016621996419,3.69725538982502,-0.260112976168126,-4.90287637978565,41.135179816756,53.9740696593942,-24.1241514314924,11.1420083179361,0.33540351337772,23.3675520379612,50.4420077801257,-13.8137173194356,792.303047462236,0.18501975182273,-0.0130711705261755,0,0,0
66.455,-0.791666734014581,63.4741516620683,48.8114473485747,-13.6331116771777,33.9909605568675,53.7577979748374,-42.7074481134586,25.1782933354208,-11.6408399371109,-63.4863033346658,88.9262582991619,134.085312900694,3.36627744906267,11.2494017644572,-1.07700487443257,8.71604205531033,-17.9636120210091,-57.9765126434475,2.25912317634008,12.4646122006189,-1.23645679165646,12.7042822925557,-15.4009192404316,-26.7127375862885,-2.45595008404549,10.8925622011441,1.98432824773172,41.8575797598499,9.2264589192659,7.90374654681884,7.27823365991285,4.67865866756555,-3.40813516505885,33.5139539070739,26.4386711654188,-43.534194017702,-7.80334190667599,4.30820816326459,-0.234862010815576,-8.70678698022259,41.8017955735565,40.2940585634047,-23.5147794949023,11.6110010655254,0.172047994401471,11.8322789425728,44.5367210055784,-17.3048975085789,818.605950611338,0.185282477006995,-0.0124805532847692,0,0,0
66.46,-0.463933122076253,65.5467223877252,51.9966813241204,-13.4904106911832,28.5401971989107,49.6864176619378,-42.542534769897,32.9826687123459,-3.64917741757233,-63.0926189461456,78.7368777041101,125.164026593032,3.13455739178251,11.5977696778232,-1.20459565187454,8.87595994864859,-15.8738257661285,-55.4778073602993,2.48819170096385,12.8096437155167,-1.38794624741166,12.3337774012875,-13.3628395788408,-29.8763182014209,-2.27247817413293,10.9898951382083,2.00653281387805,35.2687033506042,7.61543565912379,-0.73173552769242,7.43494952217397,5.13871924998829,-3.4542337921358,32.1497151371849,30.1591561100542,-46.7672782507131,-7.83931849817527,4.92905098366722,-0.20648393081205,-12.3526399339116,42.3246901878777,26.9677440493467,-22.7061527703525,12.0928089754601,0.00878974649454504,0.495286139361612,38.8541715355406,-19.6336112540428,843.391846685201,0.18553991611148,-0.0119862402412592,0,0,0
66.465,-0.128947249297321,66.9971745556569,55.1155635113525,-13.3770801201774,22.6661142011198,45.3679808497235,-42.339958031846,40.5153476101275,4.41359407973388,-62.7489102728159,68.7417346657974,115.716593229058,2.86475174635099,11.9319699141055,-1.30902845950476,9.08103350155113,-13.4779790288035,-52.53671949631,2.73034122442192,13.1396181843955,-1.53241355935293,11.9524191410256,-11.0086965828,-33.0372688237294,-2.06879939941743,11.0773538959048,2.02016933002828,27.7813019912957,5.70793362544344,-10.5926899127297,7.57924604675036,5.6269535825818,-3.46712310300563,30.7144113456947,33.6085285949554,-49.7796767858881,-7.87063562491942,5.5534921826614,-0.17367085623936,-15.8204911614956,42.6986751988045,14.1323781574058,-21.7144727560577,12.5798327160442,-0.152254824579677,-10.5243492643329,33.4648723569875,-20.8624532243652,866.345781491429,0.185801204329868,-0.0115818101032303,-1.91387482536782,0.148671191588626,0.151675341550257
66.47,0.209641906641423,67.7178311878105,58.0556976010002,-13.2954015853517,16.3357069651631,40.7654606841391,-42.1014110675755,47.7093928541429,12.4780429317168,-62.4534480867448,59.0924372142792,105.890760026313,2.56289675121194,12.2487419342646,-1.38793153142767,9.34378448972002,-10.7625231613146,-49.1143416354475,2.98596542604754,13.452758989,-1.66752326100926,11.5678234954948,-8.32242888881081,-36.1878102091673,-1.84800657932859,11.1599618878668,2.02452044604888,19.4378520348235,3.56046150965315,-21.6432984127678,7.71047368798857,6.13881251691255,-3.44569073204811,29.2263831511106,36.7737290420197,-52.5905088438457,-7.89939525344621,6.17518791092756,-0.135208324749801,-19.0929946063649,42.9217630569446,1.91677188962486,-20.5580355725043,13.062133971778,-0.30887166783588,-21.1116299326669,28.430575933546,-21.0707779879749,887.217700374685,0.186085341945414,-0.0112611057621184,32.805139796631,0.157091165849557,0.111397846635038
66.475,0.547701218165177,67.6118623048122,60.7009483429023,-13.247803098314,9.51969740754577,35.8413480697284,-41.8288897958365,54.5042543478529,20.4724289725888,-62.2037822457256,49.93316820388,95.8393169100515,2.23576891753948,12.545155522945,-1.43954955025895,9.67627044191214,-7.72099525576691,-45.1765292555856,3.2545453252621,13.7478984352653,-1.79134991961952,11.1874093885023,-5.29509979771321,-39.3208155033879,-1.61472312821622,11.2440070618213,2.01895047157389,10.3008042329658,1.24636521668624,-33.8233699163431,7.82798720450027,6.66924368594923,-3.38934603531044,27.7038939225273,39.6463862155565,-55.220421682951,-7.92722914984347,6.7877974842545,-0.0900868725977555,-22.155481467099,42.9954041733143,-9.56044501748988,-19.2569261570987,13.527912319386,-0.458872351056156,-31.15822658158,23.8035510067906,-20.352312331923,905.795890641882,0.186411404187763,-0.0110168184985655,52.7168467860549,0.156531964405664,0.10080350470427
66.48,0.880680154760214,66.5957873188788,62.9343836271211,-13.2368365800762,2.19330364755808,30.5585013083848,-41.5246539755949,60.8471640481984,28.3244584019597,-61.9967909139134,41.3982663623609,85.7175479373934,1.89068107995857,12.8187202426149,-1.46283092802664,10.0898659371366,-4.35468813984329,-40.6950092096285,3.5344719518609,14.0245851587523,-1.90252097766299,10.8180623038086,-1.92556320680616,-42.430189971677,-1.37513106820418,11.3369299508319,2.0028364812394,0.452324011184845,-1.14438235183731,-47.0473472830369,7.93112182356626,7.21277728239441,-3.29808643467742,26.1649629499669,42.2226713985071,-57.6908923820737,-7.95531086278063,7.38504146385137,-0.0375966825877012,-24.9959830428689,42.9245810093035,-20.1924372354569,-17.8327505118074,13.9641179803395,-0.600235336195814,-40.5648797596434,19.6261106714606,-18.8125293237496,921.854159686598,0.186795812845735,-0.0108497249736903,73.2812848414264,0.154184175941819,0.0957183437267073
66.485,1.20368824160653,64.6016173693223,64.6412905783747,-13.265151936233,-5.66307123136784,24.8810210724269,-41.1911825507732,66.6942849644111,35.9630739924882,-61.8287408044126,33.6100219001899,75.6806098983581,1.53526536452718,13.0674788310432,-1.45749261684285,10.5950764707125,-0.673031390360421,-35.6484211815031,3.82290725872321,14.2831600332443,-2.00030734825658,10.4658197303427,1.77917116619325,-45.511270993572,-1.1369133915232,11.4471087441448,1.97557488906667,-10.0062671164015,-3.50611386205583,-61.20394617428,8.01917277644603,7.76362773706901,-3.17255605347209,24.6272137441995,44.5030327054374,-60.023617916258,-7.98440588723939,7.96076643792232,0.02260047096582,-27.6052045835041,42.7177456217525,-29.8856251854807,-16.3083938415598,14.3571662290399,-0.731248246936905,-49.2435409611782,15.9303601922977,-16.565863391011,935.092814318237,0.187240724617966,-0.0107684837101658,94.4878237144186,0.151542505846025,0.0910627823472527
66.49,1.511581183899,61.5785884585487,65.7121679400083,-13.3354681573574,-14.0632442248855,18.7751264082189,-40.8311245984447,72.0115904657648,43.3202159501661,-61.6953571295327,26.676734976006,65.8808986813376,1.17725091797038,13.2900769808969,-1.42405665474003,11.2013683605722,3.30633306097648,-30.0232532974028,4.11569461332754,14.5247879006232,-2.08464983960847,10.1355817979716,5.80388393497558,-48.5612211287217,-0.909112144970195,11.5835325000805,1.93667921140027,-20.955297377665,-5.71921313825047,-76.1564991148427,8.09138104423696,8.31580932784883,-3.01409079353159,23.1077239262636,46.4918253059123,-62.2400109087008,-8.01495104098073,8.5090192218022,0.0904260451792505,-29.9764582315034,42.3865979654496,-38.560967393108,-14.7077858493004,14.6937123199378,-0.850633766281804,-57.119192041511,12.7381338219447,-13.7328472620249,945.107516733781,0.187736640161885,-0.0107859777777461,117.652237933025,0.149314589298576,0.0850574795907661
66.495,1.79905342891501,57.4944490030917,66.0456013607306,-13.4505419656183,-23.0147616521396,12.2100086144664,-40.4472473001693,76.7754596549275,50.3324928484023,-61.5919017376957,20.6910783673661,56.4654642204948,0.824244929043995,13.4858033247144,-1.36385448282993,11.91699631763,7.55778022365982,-23.8146323183581,4.40732777944484,14.7514342621736,-2.15611662644185,9.8308488540527,10.1253963033594,-51.5793838881341,-0.701909844522828,11.7553608083436,1.88596945979961,-32.2577607627353,-7.65272518903675,-91.744061094277,8.14692753195115,8.86326281880428,-2.8247443178507,21.6228653297195,48.1968583434227,-64.3608088926426,-8.04715237977836,9.02413174869768,0.165368561822963,-32.1055630429253,41.9457127865869,-46.1550346518422,-13.0556511480412,14.9614408705204,-0.957643597320704,-64.1312965827001,10.0610942718271,-10.4372502712274,951.409252418409,0.188262651641877,-0.0109120600711581,145.153399165673,0.148054242852617,0.0773484145034322
66.5,2.06073481832031,52.3362778811081,65.5509355521893,-13.6131345686792,-32.5185206122183,5.15864159861222,-40.0423823841299,80.9729832079481,56.9427083718362,-61.5132577489118,15.728797756799,47.573533406138,0.483525718941226,13.6545955025487,-1.27899738857568,12.7488116255113,12.0482186728887,-17.0269306380224,4.69098409768612,14.9657791963933,-2.21579482227091,9.55348752848882,14.7130994976444,-54.5675712412736,-0.526346510505593,11.9713772933478,1.82383628651526,-43.7605283164323,-9.1678302762521,-107.783314138854,8.18493706112374,9.39998926687545,-2.6072902983048,20.1881261372872,49.6288826753885,-66.4057954156495,-8.08109021552466,9.50081643509396,0.246496778381229,-33.9907194242717,41.41203224755,-52.6208456761304,-11.3772231403823,15.1498211426742,-1.05210868459447,-70.2348521366909,7.90097512280917,-6.80329312177242,953.492865625401,0.188793821255516,-0.0111481479570816,179.57666406928,0.148074322386907,0.0686921328125809
66.505,2.2912889257475,46.110821485479,64.150666991488,-13.8259771097499,-42.5685082141708,-2.40147048031937,-39.6193724736521,84.6019820956331,63.1011975525647,-61.4540188773709,11.8477743081891,39.3341973155359,0.161856349078314,13.7970107584468,-1.17231397389961,13.7020381872548,16.7378610739437,-9.67415700626046,4.95862387252258,15.1710650435921,-2.26512678610853,9.3035280292741,19.5297224018339,-57.5302540491227,-0.393987349471953,12.2393551666389,1.75154607924369,-55.2957663458501,-10.1221203701382,-124.071286916949,8.20449265404814,9.92018625007776,-2.36519770288203,18.8179107497243,50.8010449401391,-68.3936225150246,-8.11681995461493,9.93427039283266,0.332500549747069,-35.6323643486852,40.8042489006988,-57.9284341642535,-9.6979037835333,15.2507800201815,-1.13443920619331,-75.4010273808276,6.24995375128727,-2.9530068502875,950.921313810465,0.189309857709324,-0.0114846517119815,222.601450134465,0.149276465599375,0.060365798871544
66.51,2.48551068058582,38.8443509675894,61.7824922811374,-14.0917354172353,-53.1516614969877,-10.4876249610664,-39.1810187273647,87.67074925732,68.7669351857651,-61.408581553026,9.08746486895302,31.8643146251619,-0.134673792141196,13.9141623589434,-1.04725802165136,14.7800104361103,21.5812019030716,-1.78010549139713,5.20115415748426,15.3708795135146,-2.30570819739238,9.07899776818791,24.5322834078224,-60.4746314522237,-0.316556889035907,12.5653651007227,1.6715393518488,-66.6826001899874,-10.3745501409254,-140.388880389595,8.20465968810361,10.4183811048227,-2.10257770159613,17.5253173057182,51.7283328254992,-70.3417166205219,-8.1544584769611,10.320285602716,0.421755772553518,-37.0330126012107,40.1421089709037,-62.0651191893919,-8.04285892082289,15.2592480120358,-1.2055740609798,-79.6173824423164,5.09114882322864,0.99620598490086,943.385522699566,0.189803494118471,-0.0118956018475114,274.153022168806,0.151251623473644,0.0533420531995246
66.515,2.6384209496802,30.5820538189033,58.4009599285461,-14.412974657663,-64.2478480855805,-19.1113457784742,-38.7300310688436,90.1975317042978,73.9083886881207,-61.3712379257589,7.4687254534393,25.2666772404643,-0.400773599021802,14.0076259621307,-0.90779225648973,15.9838754036814,26.5281461873343,6.62175273340087,5.40865162101125,15.5688813949065,-2.33906937569749,8.87579951546836,29.6731637723238,-63.4105623948358,-0.305554529625238,12.9530680934936,1.58766657063694,-77.7290853663467,-9.79086922515172,-156.505160429328,8.18451872187993,10.8895554365263,-1.82410278588175,16.3218970418117,52.4270339649923,-72.2662443808193,-8.1942475224159,10.6553610991154,0.512407980981827,-38.1970881889693,39.4456690857649,-65.0354548979453,-6.43654840871793,15.1735404762562,-1.26688586522396,-82.8876833220141,4.39924099334991,4.93376107033182,930.712515470469,0.19027383506943,-0.0123510936233808,332.219140222722,0.153554865827902,0.047933917801938
66.52,2.74535588412065,21.3869868881092,53.9786867527132,-14.7921244809632,-75.8299646601195,-28.277913002538,-38.2689821808265,92.2097776035031,78.5040974298092,-61.3362678559768,6.99401395640887,19.6284771990129,-0.632037401244957,14.0793225876176,-0.758255034154213,17.3122700186021,31.5252282785836,15.488638431209,5.57063635160702,15.7684814710587,-2.36646327898118,8.68764555414375,34.9012362966136,-66.3503512954445,-0.371864568273782,13.4030473450764,1.50530501395021,-88.2345631930681,-8.24928432829589,-172.182342295233,8.14320519875179,11.3292552727941,-1.53490072188133,15.2174037291668,52.9142270240039,-74.1821117350595,-8.23658789281397,10.9368123542083,0.602467650930508,-39.1307490398689,38.7345407813526,-66.8608417921083,-4.9022008646723,14.995546340517,-1.32005294020736,-85.2313320480576,4.14121750006226,8.75779794689557,912.828423698211,0.19073011057998,-0.0128148436188225,393.41044455517,0.155876805953886,0.0439699508386724
66.525,2.80204903536688,11.3386302492242,48.5071140295827,-15.2314452181798,-87.8641474431411,-37.9860049483934,-37.8002662842792,93.7431793092834,82.5429702377087,-61.2980280628961,7.64795861613066,15.0201059687089,-0.824993502718246,14.1313867705115,-0.603217804487692,18.7609928310142,36.5168598838404,24.7690854271062,5.67638658616626,15.9724960637245,-2.38868288331463,8.50606209307562,40.1629853471547,-69.3083895280212,-0.525371406045618,13.9122417106573,1.43130844758602,-97.9924819964183,-5.64605532483618,-187.181349993337,8.07995383949148,11.7336817988935,-1.24042778637904,14.219544985566,53.2073188003728,-76.1029690582511,-8.2820410361087,11.1628723971546,0.689909266921259,-39.8417072760779,38.0271565884588,-67.5787904195097,-3.46125310953689,14.7307094001104,-1.3669136089229,-86.6824428341567,4.27724064593625,12.3767777423555,889.701985316593,0.191180745961083,-0.013260631081061,453.987295063974,0.158059098274511,0.0410985830150867
66.53,2.80470449650406,0.531092227436986,41.9967925418532,-15.7329956498317,-100.310086330478,-48.2274579753816,-37.326063541298,94.840548596316,86.0243020993305,-61.2510367134708,9.39826988507948,11.4943086025185,-0.977115502243427,14.166029615003,-0.447341229492405,20.322695764997,41.4465515625523,34.4037932320605,5.71528351341485,16.1827943918824,-2.40592738486354,8.32047983743956,45.4035619385139,-72.3006638982169,-0.774588444785412,14.4735470495431,1.37375811975477,-106.79375539497,-1.90070475018444,-201.267787517764,7.99414533370087,12.0997586330943,-0.946327171507978,13.3337500743139,53.3236361485134,-78.0411974723772,-8.33129755483746,11.3327787695595,0.772765898717525,-40.3390467366104,37.340089568233,-67.2418388984308,-2.13278291641648,14.3878018952672,-1.40931976718746,-87.2886012759813,4.76163688114619,15.7107597363036,861.298761097328,0.191636021967997,-0.0136682953208815,510.892689253227,0.16004084618503,0.0389701415819852
66.535,2.75005961919848,-10.928975461125,34.4771995794476,-16.2986028110933,-113.121432252423,-58.987146088442,-36.8483107211029,95.5505640391055,88.9575198796264,-61.1900518867991,12.1969653343439,9.08570607438169,-1.08680010653739,14.1854066887493,-0.295237152309288,21.9866253665965,46.258060908746,44.3266804093138,5.67717539927695,16.3999633199921,-2.4177313581629,8.11842651824451,50.5677300336803,-75.3441517511896,-1.1263075344529,15.0756488998629,1.34150728555796,-114.430704951814,3.03948062135139,-214.218112248546,7.88535289829636,12.4251729859629,-0.658279350747861,12.5629706131921,53.2800768130156,-80.0078562552231,-8.385115163333,11.4468402266572,0.849211543680537,-40.6330390664765,36.6874550754241,-65.9161379696022,-0.932969380457121,13.9785052539307,-1.44900594882933,-87.1093487918621,5.54399789749251,18.6923524810871,827.564504723145,0.192108825314553,-0.0140299753304864,562.390054868507,0.161808382087553,0.0373148888100374
66.54,2.63543618071567,-22.9246876965176,25.9961042733459,-16.9298342411263,-126.246286006361,-70.2429795355255,-36.368678559939,95.9264322326071,91.3616748772605,-61.1101425356641,15.9818702269679,7.81068977149713,-1.15331695473952,14.1915000309401,-0.15134236098319,23.7384438517537,50.896432497691,54.4661003072505,5.55275099431202,16.6230139133099,-2.42296438764445,7.88583491904906,55.6006761049348,-78.4561289564729,-1.58527496892888,15.7031390297802,1.34353934570569,-120.701596455567,9.19595166245776,-225.825758652184,7.75338634975216,12.708389671705,-0.38185150747638,11.9075311970609,53.092819294714,-82.0125782704703,-8.44423139333764,11.5064771853399,0.917624836814207,-40.7349595925562,36.0804194685384,-63.679730582082,0.125382637599817,13.5168271801197,-1.48748714200458,-86.2144384722774,6.57037853899947,21.2673425612312,788.443317294636,0.192618435095788,-0.0143418322766147,608.150552478822,0.163361121582225,0.0359602101625969
66.545,2.45877921341873,-35.3313934594201,16.6185100258213,-17.6279730218942,-139.62775615371,-81.9660188564043,-35.8885560382398,96.0245043399261,93.2647070650882,-61.0067507826504,20.6783506027637,7.66768282497499,-1.17673708977476,14.1860220916758,-0.0198084868515456,25.5601579573373,55.3089079836676,64.7461762009671,5.33391308370075,16.8491534761956,-2.41990159943484,7.6074752952057,60.4486716933585,-81.6534212608578,-2.15389995828398,16.3369491314646,1.38818797863307,-125.415729741124,16.5566457070982,-235.906929360953,7.59833149794808,12.9486386434539,-0.122352855259813,11.3650461072507,52.7770889875252,-84.063408837277,-8.50925871573953,11.51423035937,0.97662981475027,-40.6569043501822,35.5268355771216,-60.6205666173874,1.03321920831223,13.0183962178437,-1.52599395914966,-84.6819116068973,7.78456927387055,23.395009716308,743.928458990127,0.193197505266611,-0.0146000382057032,648.89574347968,0.164699155731815,0.0348255929302388
66.55,2.2186830482542,-48.019233032951,6.42521380792193,-18.3939958897297,-153.204573567233,-94.120698382955,-35.4090416001158,95.9028876248757,94.7025116650092,-60.8757446265062,26.2012312288587,8.63775398706255,-1.15784707488207,14.1703473524795,0.0955893485155923,27.4301784101017,59.4456980105774,75.088211405729,5.01415073460361,17.0736481417514,-2.40635884744724,7.26751410073755,65.0595963562381,-84.951631185238,-2.83199557645329,16.9551126072152,1.48229189533446,-128.398985327491,25.0751502632682,-244.305757339186,7.42058288458461,13.1458783493862,0.115298093392835,10.9304159431197,52.3469761617415,-86.1665926394352,-8.58057153910439,11.4737328795784,1.02511203152837,-40.4116099694318,35.0310190603318,-56.8343063332667,1.78548559857578,12.4996832907385,-1.5654481967876,-82.5960466324842,9.12941430093451,25.0481410346166,694.140483490715,0.193887319044674,-0.0147947235880164,685.852436734596,0.165820925669627,0.0338936553172573
66.555,1.91440445306347,-60.8557190380289,-4.4889686353148,-19.2285546430707,-166.911750667874,-106.665151110261,-34.9309411573514,95.6200885527095,95.7178431292603,-60.713460388238,32.4568476535885,10.6855613559014,-1.09805542976111,14.1454749136659,0.191524164454508,29.3235253018353,63.2606194778912,85.4121312324708,4.59295388119354,17.2919805901714,-2.37992973743802,6.85019193687951,69.3833441471601,-88.3643719029076,-3.61287635160883,17.5365890406322,1.63024157727642,-129.499672375643,34.6713563735046,-250.898552821445,7.22086814180584,13.3007386071476,0.326689411212148,10.5959141920704,51.8153008902572,-88.3263222372176,-8.65819563184731,11.3896425309883,1.06221117133058,-40.0122786099214,34.5936734454827,-52.4219775053723,2.38122461676722,11.977203694848,-1.60647621474483,-80.0452341243695,10.5481408756074,26.212759452154,639.425305492483,0.194736102543619,-0.0149043989710407,720.261117817603,0.166730423083462,0.0331778584173401
66.56,1.54586305767349,-73.7082790780612,-16.017255368663,-20.1319610134475,-180.681274075533,-119.551625216349,-34.4547725570613,95.2337200581041,96.3590945393381,-60.5167344887921,39.3451798892047,13.7605956305584,-0.999297216886831,14.1120227109197,0.265169459414444,31.212185553264,66.7116111173184,95.6379171540789,4.08545601968878,17.5056373557749,-2.33834233323719,6.34060319656282,73.3721490003977,-91.9025368020516,-4.47515931375492,18.0699953744768,1.83319650367159,-128.594467312003,45.2335734669169,-255.596885531001,7.00026253057759,13.4144477481236,0.50801129863088,10.3513686316117,51.193520512051,-90.5444695804874,-8.74171079949289,11.2675325700967,1.08729404670229,-39.4724106541346,34.2119647802287,-47.4875601203634,2.82351354511988,11.4667523240865,-1.64945271868434,-77.1198326404351,11.985661774498,26.8875832983314,580.457123165836,0.195795236197239,-0.0148957835329888,753.063233246789,0.16744302995434,0.0326840482789539
66.565,1.11362954401977,-86.4467027308226,-28.0431672291925,-21.1041751145701,-194.442820224696,-132.726981333632,-33.9807760519511,94.799301022122,96.678991872472,-60.282924413982,46.7620149620557,17.7986859417703,-0.86394145776217,14.0702514811965,0.314233754027423,33.0656188318874,69.7611466159364,105.686998492051,3.50951239078161,17.7165230956042,-2.27966906568531,5.72554881251231,76.9808718623638,-95.5736293333829,-5.39544261415385,18.5479330355445,2.08940430296065,-125.594186720712,56.621974588566,-258.349316703704,6.76019253441166,13.4887494022863,0.65612929296572,10.1844363694885,50.4916763712897,-92.8203278056148,-8.83017144716649,11.1137513761865,1.09991407076422,-38.8056483244719,33.8797397248321,-42.1355779986254,3.11924791583597,10.9827262788379,-1.69456424140114,-73.9100605562268,13.389811378894,27.0832347547175,518.307646585169,0.197113064800924,-0.0147248295685785,784.778750109614,0.167986095168723,0.032393466289478
66.57,0.618902335862608,-98.9454416315233,-40.4429488358784,-22.1447975363419,-208.124484354541,-146.133258958317,-33.5089301965258,94.3691710851544,96.7332425846602,-60.0099189805367,54.6010866891137,22.7237258054461,-0.694704806638066,14.0201143543628,0.336979534057168,34.8513986383614,72.3765674500168,115.483572530852,2.86646103309841,17.9163943684528,-2.20256232031093,4.99442280806817,80.1672944268597,-99.3811729884294,-6.3655077080157,18.9539454589669,2.3942519944543,-120.449106970386,68.6731480392435,-259.141683128528,6.50242773928405,13.5258144328156,0.768634611754914,10.0809647621392,49.7183779672397,-95.1503938727505,-8.92203525040137,10.9352845806574,1.0997646447215,-38.0256336757731,33.587873918378,-36.4687782712145,3.2788115188081,10.5375935139544,-1.74188004886388,-70.5039782940107,14.7124767981684,26.8212165113264,454.441521623755,0.198732080595397,-0.0143362570496253,815.528313325426,0.168390568676289,0.0322612850137771
66.575,0.0634737449929481,-111.085718173717,-53.0880765072477,-23.2530651066626,-221.653514063726,-159.70830008529,-33.0389725023974,93.9915388254834,96.5791766438293,-59.6961382630719,62.7561434928447,28.449572508213,-0.494573720718294,13.9613261801218,0.33222912961068,36.5359665961633,74.5303573596487,124.955829504553,2.15564717049957,18.0939690317494,-2.10641846880053,4.14008407813652,82.8924607601261,-103.324216517859,-7.3787364099994,19.271921736494,2.73972750108331,-113.153530482906,81.2054581431882,-257.995939249977,6.22906063908243,13.5281531895045,0.843872383347708,10.0254240018316,48.8808239110139,-97.528222840367,-9.01516407218767,10.7395265187519,1.08663560888086,-37.1458844542017,33.3247310315194,-30.58597685239,3.3155599838963,10.141466136683,-1.79141596565639,-66.9856133056221,15.9105887027817,26.1326781473549,390.611721755899,0.200681526148442,-0.0136754831674564,845.14155756962,0.168680552586045,0.0322285294007969
66.58,-0.550313283665804,-122.757405731862,-65.847789102148,-24.4278503036354,-234.957039394765,-173.386418213536,-32.5704241209627,93.7096762870325,96.2744156890218,-59.3405237692044,71.1228987735602,34.8820703409727,-0.26673634848119,13.8934455383726,0.299360101333848,38.0854709365188,76.2003775117599,134.03706381239,1.38539165521239,18.2415448695959,-1.99140437834697,3.15965807022396,85.1210993851389,-107.396945311117,-8.42066878161169,19.4951518244176,3.11482155116821,-103.749306876306,94.0248715345005,-254.967672471146,5.94247447888074,13.4985324824997,0.880949534254106,10.0013914707312,47.9848598865006,-99.944381647679,-9.10691319236193,10.5339517032021,1.0603801436227,-36.1796910593066,33.0767075687411,-24.5801409155673,3.24512424252892,9.80178391961452,-1.8431813540624,-63.4332765826054,16.9469418412131,25.0569971057799,328.66772379695,0.202973344710885,-0.0126902173411629,873.307067285916,0.168866970926593,0.0322399102195288
66.585,-1.21961653869184,-133.860651005329,-78.5915807054291,-25.6676642637415,-247.962792021436,-187.099101207535,-32.10261778129,93.5612679346276,95.8756025951723,-58.9425196534263,79.600823155701,41.9211465923145,-0.0145245593400767,13.8159618905594,0.23829250005002,39.4666552513184,77.3700765924412,142.666656756105,0.566991787756824,18.3525393173641,-1.85860251633231,2.05520976080344,86.8221454744607,-111.588406533108,-9.47465432411049,19.6230717633399,3.50627151122138,-92.3280467975147,106.930890444014,-250.142508246534,5.64529978337556,13.4399005794921,0.879724791253691,9.99206364112428,47.0350739379803,-102.386524363659,-9.19420821199037,10.3258741524225,1.02089847613878,-35.1400372839435,32.8288346808253,-18.5367682235262,3.08472987762869,9.52323075700644,-1.89720315021502,-59.9181141585967,17.7908221913894,23.6402035717698,270.323496597998,0.205591945662942,-0.011351108125039,899.724100712011,0.168948151623117,0.0322535336927041
66.59,-1.94115262335795,-144.307216932942,-91.1915984924251,-26.9706632969997,-260.599806651139,-200.775737045452,-31.6347281935364,93.5779175505327,95.4372196074486,-58.5020459350268,88.0947436797274,49.4629291040371,0.258634046519678,13.7283805117067,0.149469999832458,40.6477610692861,78.0286841479138,150.790918942194,-0.287011447512394,18.4210966801753,-1.71004480220709,0.834230276814894,87.9693670139703,-115.882353226208,-10.523458841047,19.660187519757,3.89934672655487,-79.0318155289779,119.722251757123,-243.6317023305,5.34036079522684,13.3553222287883,0.840783602769163,9.98076886372637,46.034928772243,-104.839602447916,-9.27364110782045,10.1222437741895,0.968142696741122,-34.0395466476279,32.5654063695987,-12.5326086420434,2.852512398169,9.30782705306518,-1.95352110738008,-56.5029299637641,18.4184258772583,21.9332838496661,216.946962545532,0.208482957190253,-0.00965978639338516,924.224261307285,0.168915237511529,0.0322389233319882
66.595,-2.71126028507111,-154.021532342772,-103.524894754075,-28.3346587872319,-272.799098046701,-214.344352157546,-31.1658041314996,93.7848124074464,95.0105185971225,-58.0194648275406,96.5162214973258,57.4018354424,0.549254723382427,13.63029864033,0.0338364463546892,41.599407756796,78.1713892382227,158.363782376781,-1.16331605026105,18.442569211438,-1.5486594626108,-0.490114879360605,88.5420817379256,-120.257210989279,-11.5497291411172,19.6156599359479,4.27877481825696,-64.0521590989106,132.202097146562,-235.567266628782,5.03061363231576,13.2479243552752,0.765400819016469,9.95145416154096,44.9869294183341,-107.286213396136,-9.34163194667536,9.92940036790582,0.902142869880042,-32.8904550089997,32.2706037216072,-6.63475621934773,2.56677782418246,9.15511544191127,-2.0121544264401,-53.2413075499652,18.8130638529268,19.9904025135062,169.430477207364,0.211556074671653,-0.0076649168012457,946.834263902098,0.168762938734499,0.0321796316274687
66.6,-3.52596749479958,-162.941441945843,-115.475488668409,-29.7571303233971,-284.494307233295,-227.732352784341,-30.6948014294729,94.2005404054346,94.6425820982469,-57.4955413941688,104.784686674452,65.6325862800524,0.853825643136033,13.5214675832036,-0.107191129829565,42.2954155064014,77.7995005534023,165.347333510586,-2.04892404153905,18.4147591288581,-1.37814625560572,-1.89901775778849,88.5259349978108,-124.68616971944,-12.5371509217042,19.5030883765123,4.62998615000809,-47.627393060738,144.182389160691,-226.096985474677,4.71907851696238,13.1208518148341,0.655493750434659,9.88912123504207,43.8928226996217,-109.707080139542,-9.39461301984753,9.75285876830302,0.82305269769759,-31.7046087780453,31.9290871899747,-0.900121980796606,2.24529838576183,9.06245489848476,-2.07304433611831,-50.177047841797,18.9651553914129,17.8670891026238,128.17833987286,0.214685378118124,-0.00546241075574372,967.760013755831,0.168494007534576,0.0320636663014566
66.605,-4.38106078113086,-171.018657265926,-126.936200684822,-31.2352418756481,-295.622310449616,-240.86726049835,-30.220616165567,94.8370527810006,94.3755288125058,-56.9313998136797,112.828316097609,74.0520993098203,1.16883058452082,13.4018371599767,-0.271752462673347,42.7135414210318,76.9205790945616,171.712179499246,-2.93128823998212,18.3372511239131,-1.20280978800267,-3.36836725810705,87.9136941694687,-129.137401827806,-13.4702675621456,19.3385374698644,4.93963311115149,-30.0381680495878,155.487432281068,-215.379649252295,4.40876887814266,12.9772315568358,0.513567827752786,9.78019112925062,42.7538227908035,-112.081642755637,-9.42921826997917,9.59714466997328,0.731209642305308,-30.4934864940609,31.5265332175803,4.62472069426361,1.90468332210153,9.02539695528099,-2.1359801297275,-47.3439285491865,18.8720220890197,15.6184397992116,93.2066268850668,0.217724587102018,-0.003195281947316,987.30126678631,0.168121988573377,0.031886926009741
66.61,-5.27215535831237,-178.218915436464,-137.810230074713,-32.7658607965897,-306.123784188611,-253.677433681076,-29.7421173530506,95.6997625033619,94.2458723992615,-56.3284765738125,120.584647973543,82.5612247872761,1.49076567161805,13.2715806870544,-0.457576822739302,42.8361044470704,75.5485306956404,177.437641200739,-3.79729019713953,18.2090560106285,-1.02735230034192,-4.86940508198057,86.7060041800534,-133.574406881325,-14.3326775473688,19.1373340488837,5.19540327731439,-11.6014112544882,165.956447139943,-203.580766509901,4.10262042131749,12.8201428371321,0.342656601274055,9.61278300761758,41.570854946379,-114.388734426631,-9.44246791132865,9.46568331446175,0.627201897451435,-29.2682398523869,31.050097205385,9.90334335410951,1.55984617221524,9.03810674040164,-2.2005187529557,-44.7657787007488,18.5375019121928,13.2973877074132,64.3051128828237,0.220505189174555,-0.0010524370799061,1005.72638321172,0.167667507189664,0.0316509717840727
66.615,-6.19476465049137,-184.521858435968,-148.012454040553,-34.345579393711,-315.943719424539,-266.092767286704,-29.2581785199424,96.7877666217169,94.2840377547259,-55.6884719046817,128.000933826274,91.0662894625845,1.81615188926027,13.1311004872985,-0.662018834135579,42.6504815638638,73.7036432317038,182.511768363342,-4.63404980703384,18.0296732139966,-0.856639502944207,-6.36968755616425,84.9120423533341,-137.956480411323,-15.1078055321434,18.9135834472328,5.3869727280924,7.33717606763568,175.445231094526,-190.86892386439,3.80342335307255,12.6525908089086,0.146257320338437,9.37689960679116,40.3448075847313,-116.607306022717,-9.43193354029625,9.36074721431712,0.511933198112588,-28.0397485416285,30.4887913580036,14.9089624833285,1.22359092172402,9.09379807755273,-2.2659094170794,-42.4568495328834,17.9714093220717,10.9530964648674,41.1796823193656,0.22280174333715,0.000704775357735166,1023.17056063603,0.167153773537567,0.0313649572581314
66.62,-7.14436790134873,-189.920650171104,-157.470434532303,-35.9707387830514,-325.03187786745,-278.045363631358,-28.7677076221039,98.0941795675251,94.5140347569155,-55.0133007247704,135.034235982002,99.480422030741,2.14154540949512,12.9810154959064,-0.882097815306884,42.1494645664673,71.4125523489333,186.931175378834,-5.4303655649059,17.8007644721939,-0.695465643761438,-7.83432184967342,82.5500096826526,-142.239301440666,-15.7805737524082,18.6801716090775,5.50708131246556,26.4118125527747,183.82701142015,-177.41285885463,3.51376082193296,12.4774809167617,-0.0717371026400874,9.06451946799641,39.0767815437239,-118.717158857008,-9.39587013876063,9.28346469019852,0.386676065629041,-26.8186816196641,29.8337725876989,19.6236839671544,0.906332077603341,9.18515519670538,-2.3310347988635,-40.4224513952068,17.188872327598,8.62953049778257,23.5114179985044,0.224109964362109,0.00155052743318329,1039.58983575026,0.166602244582634,0.0310414551419829
66.625,-8.1164746654662,-194.421352823672,-166.125126389497,-37.6374546973151,-333.343182853046,-289.470167216776,-28.2696748039273,99.6065636354,94.9532857093757,-54.3050442994919,141.651285055823,107.724640103078,2.46354800517701,12.8221337846291,-1.11454125060506,41.3314733860439,68.7081198815758,190.700700034033,-6.1776995624259,17.5247976098158,-0.548302624388962,-9.22742543442793,79.6474000146242,-146.375629085217,-16.3379285485947,18.4463640459486,5.55161893600427,45.2462098453392,190.992652910605,-163.379209939798,3.23595629938644,12.2975920020323,-0.307109261013912,8.66960318041796,37.7683246749244,-120.699643480389,-9.33330380517496,9.23388638563539,0.253104839567393,-25.6155567738571,29.0785417505233,24.0375516324726,0.615955666210271,9.30471843423718,-2.39437918579466,-38.6598161562103,16.2095801414922,6.36425100631997,0,0,0,1054.79603749412,0.166033189359344,0.0306972665225835
66.63,-9.10668510171535,-198.042087250009,-173.931287438212,-39.3416448849498,-340.838037527254,-300.305556743931,-27.76313759157,101.307442471559,95.6125995193085,-53.5659037103915,147.828117820222,115.728685870596,2.77881992526885,12.6554136788902,-1.35583299700175,40.2006276930551,65.6292106691015,193.832892824694,-6.88101663512846,17.1946475834199,-0.418932430811951,-10.513740581987,76.2409981651608,-150.316093565847,-16.7759726294799,18.2041414709734,5.51881539331891,63.4636683414001,196.850416432653,-148.930824607633,2.97203208616268,12.1155468090564,-0.555391255231453,8.18802691256226,36.4216401145113,-122.538284003799,-9.24406762756054,9.21110255805025,0.113301657122076,-24.440787868544,28.2190604503006,28.1474633306949,0.357819715683651,9.44521703271312,-2.45403154943396,-37.159136523918,15.0569757795007,4.18747968504282,0,0,0,1068.52513288423,0.165463946162886,0.0303428104115042
66.635,-10.1107451269405,-200.812005044636,-180.857597598351,-41.0790577017973,-347.482563368839,-310.493887533013,-27.2472631753935,103.174883235097,96.4962830208114,-52.7981561058774,153.549520902516,123.431604878474,3.08409749869644,12.4819175840112,-1.60226671450771,38.7666831920159,62.2203561103924,196.347350309896,-7.55377270319493,16.79470811702,-0.310349549742406,-11.6603226601493,72.3765719612881,-154.010061506532,-17.0957339281477,17.9307979384862,5.40937750642731,80.6973127431915,201.32547787462,-134.225452107676,2.72368040413612,11.9337795328962,-0.811941273978135,7.61746086746636,35.0397575630148,-124.219292192305,-9.12878250934823,9.21340025998963,-0.0302688128018863,-23.3047108761587,27.2537950690734,31.9560178522541,0.134884495864469,9.59983818639498,-2.50772821809332,-35.9047282913682,13.7574264790963,2.12146242105975,0,0,0,1080.51208995566,0.164910612189209,0.0299855409617571
66.64,-11.1245956375864,-202.770102129369,-186.886499817974,-42.8453014657397,-353.248752788785,-319.981977597573,-26.7213475101022,105.183133058361,97.6023777917205,-52.0041145566433,158.808309846969,130.782069453036,3.37621739085514,12.3027626934748,-1.85000480480124,37.0448423795281,58.5312963310402,198.269912201953,-8.18756925486245,16.3268668089227,-0.224786233907327,-12.6382130841964,68.1082405003125,-157.40655002002,-17.2831053436793,17.6235490081776,5.22907250568281,96.6000776585078,204.359408574272,-119.414627383754,2.49224766972634,11.7545010232893,-1.07202244248351,6.95721259447581,33.6266586330392,-125.731943011121,-8.98878453563199,9.2384468816268,-0.174816920889262,-22.2175787864053,26.1836993658716,35.4703520816356,-0.0520447903455755,9.76242729782323,-2.55293591589428,-34.876259105297,12.3394014603623,0.180153186111439,0,0,0,1090.54080742995,0.164385621767327,0.0296285234405396
66.645,-12.1444151646762,-203.963905418152,-192.013780704411,-44.6358741193098,-358.11453071435,-328.721530689738,-26.1848310323956,107.303295541406,98.9230092742292,-51.1860921761451,163.604476099782,137.738455117622,3.65214885860607,12.1190724739432,-2.09514285831719,35.0554516043738,54.6163971147004,199.631747805379,-8.7587928434172,15.8099595327378,-0.16367119510566,-13.4240056549189,63.4975201617309,-160.455159399265,-17.3156190372036,17.297687031194,4.98856358347456,110.854066334449,205.909790684645,-104.642567076388,2.27873162665652,11.5796631230837,-1.33088349099275,6.20805518907466,32.1873496177192,-127.06879273266,-8.82600513900497,9.28348516418739,-0.317315641780924,-21.189517495557,25.0121469581856,38.7010207762997,-0.203986479834867,9.92761960374601,-2.58697184451477,-34.0499880292308,10.832681730587,-1.63077530471645,0,0,0,1098.44314121234,0.163895902839474,0.0292745673886898
66.65,-13.1666554901367,-204.448065091696,-196.247913047491,-46.4461927273626,-362.063721609855,-336.669489813031,-25.6373108660619,109.504033266525,100.444833939331,-50.3463709946362,167.94423630146,144.26868461366,3.90903455732724,11.9319322814233,-2.33377924205469,32.8235971958516,50.5339425586364,200.468362404771,-9.2560459778857,15.2568374116176,-0.127755778958694,-14.0012188607265,58.6120695779426,-163.106990841735,-17.1816971979134,16.9571399947679,4.70065691942505,123.178937628682,205.95009712962,-90.0449412124728,2.08379015026905,11.4109242688588,-1.58384061463508,5.37205843716316,30.7278776863049,-128.225731320205,-8.64281442105085,9.34552480673554,-0.454612994874933,-20.2304370109152,23.744823513275,41.6609619328958,-0.323390252635114,10.0909076131413,-2.60715362635533,-33.3999638066655,9.26762088806583,-3.31360202286334,0,0,0,1104.09485773976,0.163441606476523,0.0289283626176209
66.655,-14.1880699160309,-204.282885179029,-199.609186018523,-48.2716223281722,-365.085920162265,-343.788315056663,-25.078549452522,111.752282708086,102.149569571347,-49.4871759004855,171.839018830302,150.349859733463,4.14423949617663,11.7423517431235,-2.56208902037697,30.3786134851517,46.3453095340729,200.818557684553,-9.67786750840606,14.6737950066733,-0.117065487922306,-14.3613962252552,53.5241733539923,-165.315514055529,-16.8787747458,16.5957132437837,4.37972101683413,133.339025575149,204.469909882392,-75.7474455061137,1.90775981662723,11.2496188504901,-1.82635969013382,4.45243727387178,29.2552893255115,-129.201871727025,-8.44184110461969,9.42151711300017,-0.583561644295773,-19.3498954797016,22.3895859708603,44.3645797573786,-0.413714870474633,10.2486520179609,-2.61096869054625,-32.8991360078024,7.67446982439335,-4.87793127810834,0,0,0,1107.40305655753,0.163017454096897,0.0285972063504145
66.66,-15.2057340388936,-203.532824572718,-202.128651670654,-50.1075036579979,-367.176265965476,-350.046180192327,-24.508479610042,114.013968496114,104.014593431313,-48.6106537907672,175.304421943817,155.96770591722,4.355406686251,11.5512357208396,-2.77640090966678,27.7535150652352,42.1140352197568,200.723381817925,-10.0246164525233,14.0667648364338,-0.130825864826644,-14.5048711943094,48.3090204488665,-167.037350206198,-16.4080000514174,16.2066260709311,4.04165531638056,141.148959196275,201.475487252368,-61.8641671109826,1.75068182760706,11.0967328928383,-2.05413780069481,3.45342707417073,27.7775326541265,-129.999289155155,-8.22578444205605,9.50850156650854,-0.701156483304651,-18.5569173836332,20.9562931640751,46.8269656873671,-0.479006603903031,10.3980458486867,-2.59625039050508,-32.5203416760902,6.082772483515,-6.33980491645114,0,0,0,1108.31414487499,0.162617409978738,0.0282891078661986
66.665,-16.2170590355108,-202.264999323057,-203.846918455953,-51.9491792822365,-368.335124847003,-355.41708332859,-23.927206086387,116.254704730774,106.013593034238,-47.7188579098652,178.35917618006,161.115858343316,4.54051696391642,11.3593648256182,-2.97327545514492,24.9843649521502,37.9047939762246,200.225104272879,-10.2980530774785,13.44131132774,-0.167539426711246,-14.4411512745925,43.0428456672859,-168.232938646518,-15.774217451024,15.783696943011,3.70311358053611,146.477623301401,196.990626509615,-48.4957994847132,1.61233263767812,10.9528884083305,-2.26318280540924,2.38018991953527,26.303307926528,-130.62263246063,-7.99723383469656,9.60371649060242,-0.804670415862453,-17.8597714501781,19.4566094084094,49.0632666003286,-0.523506973212032,10.537042713019,-2.5613470170395,-32.2371400733844,4.52083495138343,-7.72059964261872,0,0,0,1106.83737204128,0.162239997560526,0.0280098296723592
66.67,-17.2197976115032,-200.547715198655,-204.812823813654,-53.7920176916972,-368.567681892465,-359.880868058145,-23.3350037271696,118.440471843585,108.117254499123,-46.8137372047502,181.024141023167,165.795020959693,4.69794949539939,11.1673856434127,-3.14958213602994,22.1095897213086,33.782304394843,199.36624767966,-10.5010676552049,12.8025253079985,-0.225092689731677,-14.1888968286008,37.8010108817083,-168.867061197776,-14.9859023446435,15.3221984496234,3.38063522420056,149.250378968018,191.05770886776,-35.7278103976927,1.49225664344465,10.8183383223565,-2.4498894794919,1.23875074930895,24.8418730211741,-131.078637164409,-7.75851092001715,9.70466969334538,-0.891778905521287,-17.2657180568735,17.9037805328387,51.0881990641165,-0.551314230696327,10.664260109984,-2.50527000839872,-32.0244789924134,3.01526648770343,-9.04576468222652,0,0,0,1103.06482538343,0.161893032048198,0.0277600288374895
66.675,-18.2120428987474,-198.449057449036,-205.082018492558,-55.6314349613103,-367.883453922966,-363.423152962696,-22.732312435717,120.538258290624,110.293973858217,-45.8971303923502,183.321362480165,170.012031517495,4.82653870257182,10.9758101222395,-3.30257271747757,19.1692524217411,29.8101912770526,198.188704540974,-10.6373927890663,12.154980961271,-0.300882117983329,-13.775491663813,32.6561060209122,-168.909205165285,-14.0549020920873,14.8195079324709,3.08975133643507,149.449540019887,183.738765814869,-23.6286954955261,1.38979854507477,10.6929732489684,-2.61111055452029,0.035957780591106,23.4028129023565,-131.375574486806,-7.51154657551445,9.80916884049063,-0.960665039203463,-16.7807397385773,16.3123808180558,52.9156998813117,-0.566117128711317,10.7788682297815,-2.42780902430308,-31.8591871686782,1.59058882744019,-10.3434605421661,0,0,0,1097.1556890737,0.161592268569906,0.0275324956083951
66.68,-19.1922207119879,-196.035562647717,-204.715495200666,-57.4629136217107,-366.295732079361,-366.035169055555,-22.119729150549,122.516657033373,112.510577296981,-44.9707643207971,185.273214310264,173.778866176828,4.92562293691342,10.7850230078645,-3.42994793493874,16.2042942494733,26.0498303934359,196.732960562576,-10.7110670004643,11.5031797052878,-0.391952205630032,-13.236223918932,27.6761485145475,-168.333755297118,-12.9958443291092,14.2759779906268,2.84413547247476,147.113174073331,175.116374283097,-12.248456921265,1.30413342245907,10.576340646909,-2.74422082277691,-1.22054181203172,21.9957838569758,-131.522673200083,-7.25780190405734,9.91531488419047,-1.01009864509233,-16.4092714453223,14.6980295509754,54.5586966836517,-0.571012467258845,10.8804735269911,-2.32960398815695,-31.720297855329,0.268909152280824,-11.6431618101045,0,0,0,1089.30710920247,0.161357661883521,0.0273168317481822
66.685,-20.1590756890478,-193.370995412149,-203.778093510063,-59.2820184621553,-363.820968089268,-367.71350673228,-21.4979971139299,124.34640732392,114.733036989333,-44.0362561142841,186.901641302767,177.111616701898,4.99508028528356,10.5952958070444,-3.52991456080382,13.255756598989,22.5592059794359,195.037439460257,-10.7229996060206,10.8575565476199,-0.495154611589426,-12.6131154543472,22.922954083714,-167.120014871275,-11.82381537095,13.7015690807444,2.65489203092429,142.332359380134,165.294176763832,-1.61743481719642,1.23429313959859,10.4676760771962,-2.8471723609895,-2.52232198571314,20.6302446472163,-131.529550810462,-6.99823813042863,10.0214648925896,-1.03948517091572,-16.153949096636,13.0770773494865,56.0289781736613,-0.568410305380279,10.96900487959,-2.21216746151042,-31.5892179149216,-0.930347605950048,-12.9742856880554,0,0,0,1079.69821786399,0.161205103378757,0.0271027994777588
66.69,-21.1116519422352,-190.515250637659,-202.337011783363,-61.084409065845,-360.478120738263,-368.459776040989,-20.8679927491602,126.000872954066,116.927169948316,-43.0951185220817,188.227518440639,180.02947172955,5.03534746738925,10.4068055009611,-3.60123007860952,10.3639961066314,19.3918118993779,193.137976834447,-10.6733400229422,10.2320451644769,-0.607256128490927,-11.9534548901861,18.4507420800851,-165.252066239267,-10.5550255581845,13.1125024544503,2.5296278598698,135.247078761775,154.396832639471,8.25440571985724,1.17918834660139,10.3659454806463,-2.91853890140351,-3.86020529881316,19.3151874944656,-131.405687762819,-6.73333585504143,10.1261728393126,-1.04888234201622,-16.015395493612,11.4662648204124,57.3371418075751,-0.560023211991824,11.044608490227,-2.07785449079904,-31.4497642252891,-1.99065031147484,-14.3649034168741,0,0,0,1068.46921996065,0.161141116184109,0.02688340173495
66.695,-22.0492689393356,-187.523399420252,-200.460355323221,-62.8658489744707,-356.287981725465,-368.280186536743,-20.2307105043109,127.456448969961,119.059308101374,-42.1487678464539,189.270135125736,182.553731192185,5.0474188692652,10.2196561178975,-3.64323258458061,7.56790646207858,16.5956271251226,191.067423660583,-10.5705394742571,9.62695223972929,-0.725039433119854,-11.3081027185733,14.3050257544921,-162.718490638358,-9.21100141423385,12.512035841907,2.4720149114776,126.040967763012,142.569237725377,17.3776618754948,1.13762602905318,10.2698966580124,-2.95754746558672,-5.22430860744883,18.0588819459563,-131.159973333257,-6.46315970919817,10.2281181684967,-1.03898487186715,-15.9920616695502,9.88235911765751,58.4925970911709,-0.54692917821625,11.1075559938181,-1.92978102287601,-31.2880943458938,-2.89851852550158,-15.8405842442474,0,0,0,1055.72352266266,0.161161388566157,0.0266591034976909
66.7,-22.9714934085448,-184.444893841472,-198.215748046136,-64.6222114849036,-351.272502085901,-367.18505558187,-19.5872460543676,128.692889988427,121.09692861596,-41.1985338015714,190.046808976131,184.706879835732,5.03282426067056,10.0339012806868,-3.65585413191242,4.90416185461712,14.2121945309463,188.85537361544,-10.4269174851546,9.03236589077505,-0.8454153826865,-10.7296459114539,10.5218227663983,-159.511975134685,-7.81527379400585,11.8943775418123,2.48225409262882,114.935155364895,129.974896994731,25.7831169693565,1.10832319203474,10.1781175224007,-2.96409559984194,-6.60411593963411,16.8686441284326,-130.800345126839,-6.18769770711636,10.325833938251,-1.01107867974572,-16.0801393139758,8.34177712581745,59.5036048645404,-0.529985620812153,11.158070876201,-1.77170013609646,-31.09256097641,-3.64362445344563,-17.4234116193169,0,0,0,1041.56274719436,0.161253098604784,0.0264335817300125
66.705,-23.8781081193226,-181.322942155737,-195.6690327761,-66.3494821931946,-345.454141658515,-365.188256595543,-18.9387782799122,129.693554891187,123.009234365264,-40.2456706551863,190.572629277192,186.511742042457,4.99358547351722,9.84956592651545,-3.63961647808901,2.40649769761732,12.2758289661637,186.528003238742,-10.2494990990935,8.4444455466471,-0.965500968781789,-10.2704837964419,7.12720490421645,-155.628840564655,-6.38744259569539,11.2618011357201,2.55718730304416,102.181443006478,116.793395746749,33.5207918208068,1.08991779013451,10.0890982630655,-2.93875291072244,-7.98858476201501,15.7506426626375,-130.333536246174,-5.90891254253541,10.4161193758885,-0.966964330473866,-16.2735561612042,6.86020686651232,60.3773364863049,-0.512325884086626,11.1955322938804,-1.60787135896606,-30.8535197281143,-4.21883804825532,-19.1311995626122,0,0,0,1026.11668051223,0.161400497092745,0.0262107748097611
66.71,-24.7690784265298,-178.194061441602,-192.883082733072,-68.0437585145161,-338.855264264605,-362.306621309437,-18.286550455896,130.44556480337,124.767675380424,-39.2913690253892,190.860325959594,187.99073600244,4.93215399837134,9.66666550544037,-3.59560902381307,0.105044547939436,10.812976213624,184.108010118755,-10.0418160411806,7.86445484064208,-1.08270683274123,-9.9809266463093,4.13718941078634,-151.068527951709,-4.94360883807078,10.622387241153,2.69027842279555,88.0550631939318,103.216981427905,40.6584362594988,1.08097835857495,10.0012943681026,-2.88274607140817,-9.36628859750293,14.7097506496306,-129.764935925257,-5.62950478928887,10.4953736267481,-0.908871486755943,-16.5640614685614,5.4522409325221,61.1199411256092,-0.497727005256082,11.2191511003486,-1.44284211197269,-30.5631174094586,-4.62021241739339,-20.9769245731433,0,0,0,1009.54283040987,0.161589946202352,0.0259951815916786
66.715,-25.6445174757599,-175.087809845686,-189.91674391937,-69.7012465177368,-331.497600643498,-358.559312399353,-17.6318510867066,130.939873837619,126.346403244798,-38.3367677441993,190.92025623761,189.165240834006,4.85133281541532,9.48522109267364,-3.52544957161911,-1.97426918544148,9.84173901154074,181.614632093058,-9.80687035895099,7.29392234401704,-1.19479394074561,-9.90738373599937,1.55795855104191,-145.8330820321,-3.49762731520458,9.98396797101551,2.8720284256963,72.8472452681528,89.4463363200942,47.2794884753051,1.08001391660297,9.91318752520617,-2.79792701050121,-10.7255954861849,13.7494507359845,-129.098561412658,-5.34806176981311,10.563557322578,-0.839357542467896,-16.9414032671698,4.13103701034778,61.7366138701896,-0.484711418812951,11.229924705983,-1.28114313948416,-30.2150840011578,-4.84690673103865,-22.9683760522219,0,0,0,992.004734121849,0.161811872086426,0.0257866529104476
66.72,-26.5046509538484,-172.026695617851,-186.823924853349,-71.3182555164874,-323.401799750415,-353.967184785679,-16.9759948133627,131.171254668906,127.722651702068,-37.3829652554149,190.760497757063,190.055085688224,4.75418665603404,9.30526903980543,-3.43122933302125,-3.81023105597329,9.37158018339602,179.063729918915,-9.54732826001519,6.73453831844848,-1.29988389366938,-10.0907092077586,-0.613619905008073,-139.926669414678,-2.06093384540728,9.35347059255314,3.09057188767138,56.8577957227178,75.68568512627,53.4805403430189,1.08548559342728,9.82334172699276,-2.68672457157468,-12.0548784036119,12.8717974362684,-128.33713174563,-5.06118926088077,10.6220608942158,-0.761194530880599,-17.3935933410865,2.90802065949701,62.2316615569186,-0.469371989293085,11.2294930493734,-1.1271176706209,-29.8045465198091,-4.90104517234891,-25.1080170717852,0,0,0,973.63341720526,0.162061735950576,0.0255821996480474
66.725,-27.3497822336214,-169.026255954747,-183.652846481591,-72.8911909525497,-314.587087212754,-348.55215530723,-16.3203037970482,131.138203263014,128.877038293877,-36.4310300830288,190.387034477389,190.678165336313,4.64394527990694,9.12686410522579,-3.31544434402982,-5.38676164159398,9.40320654191203,176.467916843513,-9.26569990263859,6.18814974796385,-1.39644861132661,-10.5647628541947,-2.38921000598998,-133.355165856885,-0.64259577906836,8.73655466150471,3.33236003419082,40.387876243971,62.1374363078884,59.3683556741904,1.09582110549119,9.73045238209805,-2.55208053250057,-13.3427507335036,12.0774377760145,-127.482228251608,-4.76777615076151,10.6703063374155,-0.677258891748139,-17.9072502953703,1.79264437990053,62.6085667169534,-0.450574240449346,11.2184033083881,-0.984803988486729,-29.3278777397809,-4.78751312815186,-27.3930381690998,0,0,0,954.517005425677,0.162340196829826,0.02538020785732
66.73,-28.1802587113919,-166.095295553789,-180.445461209949,-74.4165461904686,-305.071047583185,-342.336601298415,-15.6660899535156,130.842768706262,129.793783584015,-35.482009985383,189.804019528799,191.050182374309,4.52390435531961,8.95007549075115,-3.18091609023527,-6.69322340427477,9.92863107089393,173.836720652847,-8.96436391583965,5.65667086770779,-1.48328457969026,-11.3552299316986,-3.78800982635719,-126.125842536396,0.75058658684932,8.13738430426488,3.58288634614193,23.733136403911,48.9965976052523,65.0564983607614,1.10943276328903,9.63338679219483,-2.39737150221227,-14.578317474569,11.3656880776273,-126.534522450661,-4.46822296374356,10.7067034496454,-0.590415348429761,-18.4680060315579,0.792214629386709,62.8700525047043,-0.428892250575065,11.1966277167021,-0.857739208438483,-28.7825877366239,-4.51369547502935,-29.8155800837229,0,0,0,934.708947009559,0.162652067874177,0.0251775166133985
66.735,-28.9964400744617,-163.236272614092,-177.237045988052,-75.8908939124134,-294.86954438923,-335.342808806773,-15.0146383782106,130.290315061128,130.460846384268,-34.5369394959596,189.014097884855,191.184512115095,4.39732829964373,8.77497585701064,-3.03070466771809,-7.72461208214367,10.9314053401345,171.176766618245,-8.64557128780986,5.14198612622203,-1.55947702677479,-12.4787304109488,-4.83559083579846,-118.247175388606,2.11380297527012,7.55857222629198,3.82740776507507,7.17733146900377,36.4452310621948,70.6616403927479,1.12473919455095,9.53121492858952,-2.22631887065162,-15.7514312326545,10.7346615286261,-125.494049648951,-4.16340016940571,10.7296393410994,-0.503411090205857,-19.0609568581128,-0.0882050212559594,63.0181527836663,-0.405292888106488,11.1640747454648,-0.748791751909327,-28.1672616297479,-4.08916585893111,-32.3630969359062,0,0,0,914.248373357539,0.163004279010206,0.0249699901007912
66.74,-29.7986691663197,-160.445818371753,-174.055970441572,-77.310877856426,-283.996788802773,-327.592490768721,-14.3671922638096,129.489222880319,130.869975266976,-33.5968456413572,188.018770920646,191.092182581173,4.26735907562724,8.60162410865019,-2.86801815389214,-8.48162388960147,12.3870094554408,168.491972769388,-8.31153540210796,4.64588427816187,-1.62435929785624,-13.9422345866948,-5.56262897446331,-109.728794886333,3.44371112097341,7.0012988533951,4.05161572501865,-9.01346920983914,24.6472188213369,76.2996362496309,1.14019052064939,9.42322999691678,-2.04288963554973,-16.8529413198613,10.1814382552997,-124.360505896363,-3.8546457114937,10.7375563823433,-0.418786941003565,-19.6711376581876,-0.845810729221507,63.0542916502306,-0.381107060071994,11.1206211354362,-0.660055109576825,-27.4815427530285,-3.52533955895994,-35.018829019841,0,0,0,893.171621521802,0.163401886269761,0.024755262068556
66.745,-30.5872460385053,-157.715374436825,-170.923637318491,-78.6732056751705,-272.465563748368,-319.106394413102,-13.7249395695678,128.450538848107,131.016678441418,-32.6627517177947,186.81878471213,190.781958846533,4.136934444048,8.43004339999469,-2.69612194239684,-8.97059469420986,14.2633832483253,165.78375167117,-7.9645230959449,4.16981833038079,-1.67747182243087,-15.7427894181601,-6.00358172164945,-100.581586388083,4.73781885128499,6.46537916006553,4.24224060144537,-24.5959998228857,13.7435972098485,82.0814694035555,1.15429637020852,9.30895881364177,-1.85119146841258,-17.874924443948,9.70226721619686,-123.133546995867,-3.54373704291853,10.7290278349083,-0.338804496567604,-20.2839962373591,-1.47999611483702,62.9793757137603,-0.357972672420046,11.0661424405892,-0.592784628392818,-26.7261568242766,-2.8351052655118,-37.7623539048348,0,0,0,871.509869149973,0.163843706693612,0.0245315044859069
66.75,-31.3624056876928,-155.031929837634,-167.854589069452,-79.9746437019694,-260.287605360029,-309.904015471519,-13.0890016535755,127.18758319857,130.900115740942,-31.7356790966112,185.414524236872,190.260518362662,4.00871848503517,8.26019630049084,-2.51825154482356,-9.20331051954231,16.5215799413964,163.051215135504,-7.60692603878623,3.71439439625781,-1.71852377761658,-17.867548841425,-6.19536312301848,-90.8179437246922,5.99383197511797,5.94913799366338,4.38757727261174,-39.3541765508671,3.84868412682947,88.1091966870948,1.16565587746904,9.18816253765858,-1.65536569014001,-18.8108863829442,9.29278758601711,-121.813070651998,-3.23283171357241,10.7028330448595,-0.265391060520141,-20.885845237942,-1.99221647392481,62.7939006844767,-0.337745673610099,11.0005445032512,-0.54737822964277,-25.902969767611,-2.0324526072956,-40.5701857603938,0,0,0,849.28565096869,0.16431913692665,0.0242981308583881
66.755,-32.1242998728307,-152.378837027717,-164.856771209206,-81.2120143932902,-247.474138264386,-300.003434420847,-12.4604240232671,125.715526061806,130.522918019234,-30.8166471136858,183.806396585261,189.532701881096,3.88504630780876,8.09195933689789,-2.33753180642367,-9.1966920466648,19.116522203172,160.291380029178,-7.24106308753911,3.28037820638078,-1.74736463271724,-20.2940918892524,-6.1760647490372,-80.4521713697558,7.20922266136874,5.45083817400767,4.47782142011522,-53.102685874659,-4.95282394999746,94.4720341002252,1.17298867668429,9.06082878618747,-1.45948183718624,-19.6559254727765,8.94825663712909,-120.399466288605,-2.92443071788679,10.6581112322081,-0.200103627286617,-21.4642707193089,-2.38578911332541,62.4980716211118,-0.322411722301787,10.9238890965588,-0.523407160586076,-25.0150700208939,-1.13211254292229,-43.4163955880119,0,0,0,826.524411954515,0.16481096918829,0.0240602387765358
66.76,-32.8729832910074,-149.736683635041,-161.931940159425,-82.3821971708089,-234.036555503286,-289.421286963107,-11.8401692964768,124.050945357806,129.890940718719,-29.9066711744029,181.995187856221,188.601823179349,3.76788386622606,7.92509921876971,-2.15690474764296,-8.97235909260311,21.9978402853812,157.499374631038,-6.86909431350965,2.86975447295855,-1.76396361177975,-22.9910049250553,-5.98376524452502,-69.5010236044988,8.38084956199871,4.97013563955259,4.50530827083507,-65.6897426035613,-12.6076697823199,101.242739665037,1.17516583292151,8.92715656958842,-1.26743724239001,-20.4068504635688,8.66377153766694,-118.893821130067,-2.62135394515512,10.5945786682115,-0.144111931357584,-22.0084794135574,-2.66564247840127,62.0919339548318,-0.314001637257416,10.8365961499349,-0.51969124824434,-24.0668656147453,-0.149226908642615,-46.2732290215154,0,0,0,803.283194594385,0.165300604173309,0.023816678201003
66.765,-33.6084042654659,-147.084194891852,-159.076200518752,-83.4821333121965,-219.987228277715,-278.172877293089,-11.2291123969501,122.211379905457,129.01295977544,-29.0067592719663,179.982380487483,187.470020023684,3.65880284859152,7.7592529959224,-1.97906749044149,-8.55608422812527,25.1107726841444,154.668645953126,-6.4933573757514,2.48407307756615,-1.76839792218154,-25.9186986518401,-5.65546484141797,-57.9843626879586,9.50430865231573,4.50678002747278,4.46479005681691,-76.998985924122,-19.0947198408758,108.474451729378,1.17123961444961,8.78753575576753,-1.08286462493733,-21.062247172871,8.43447389366735,-117.29807537724,-2.3263933492679,10.5121843681628,-0.0981978300323551,-22.5095704474653,-2.83802853229212,61.5755104752107,-0.314363830071838,10.7390325419051,-0.534358612920541,-23.0641868480615,0.900938446328248,-49.1117030468392,0,0,0,779.681733280428,0.165776934708174,0.0235673721413523
66.77,-34.3303999695745,-144.399140821836,-156.280654155139,-84.5088354392411,-205.340425409096,-266.2724384897,-10.6280379376957,120.214891850999,127.900319353328,-28.1179071705147,177.770420290489,186.138628661893,3.55896985729568,7.59391421807669,-1.80642107373208,-7.9771477277148,28.3971112499472,151.791169150307,-6.11642671468332,2.12356162419646,-1.76085024322266,-29.0304266479459,-5.22617428189544,-45.9259122341493,10.5735671311401,4.0600323250528,4.35355488089968,-86.9504892039928,-24.4245349692127,116.198132255132,1.16047100079983,8.64252289782237,-0.909050173665428,-21.6224903209685,8.25572803681886,-115.615123313965,-2.04201389581916,10.4107625547849,-0.0627716109410172,-22.9607216393241,-2.91021344113895,60.9489380683278,-0.324967822627447,10.6311296087841,-0.564935904103151,-22.0143865208911,2.00322537212567,-51.9021678511046,0,0,0,755.912287612959,0.166241390225506,0.023310451246485
66.775,-35.0386960815069,-141.659222386219,-153.532141231098,-85.4594020266942,-190.113317490269,-253.73353970808,-10.0376396766003,118.079652218837,126.566542108457,-27.2410925445969,175.362925183214,184.608564613807,3.46914860717389,7.42842687730374,-1.64103044855867,-7.26760891294433,31.7961745801239,148.857660661453,-5.7409251179851,1.78787206267487,-1.74160757437213,-32.2734697397773,-4.72818030792944,-33.3540768010457,11.5809899525021,3.6296270594927,4.17137257434105,-95.5008674227075,-28.637908487421,124.420743337239,1.14235383628937,8.4928152364711,-0.748864071644244,-22.0896989578274,8.12326669672239,-113.848860653319,-1.77055922837804,10.290556881031,-0.0379022979986322,-23.3572850235675,-2.89016118930493,60.2125972509899,-0.346964647820379,10.5129843966574,-0.608532395092275,-20.92643090493,3.1427521870775,-54.6148245622259,0,0,0,732.216883835966,0.166706827129774,0.023042309328825
66.78,-35.7329106404562,-138.842911789986,-150.814051350302,-86.3310372075765,-174.32703617662,-240.569634884931,-9.45852186482513,115.823562355146,125.026913693029,-26.3772683929543,172.76483032867,182.880693572601,3.38971365874649,7.26198851899627,-1.48459557433536,-6.46151162520834,35.2457955271426,145.857797103407,-5.36947583341686,1.47632763325346,-1.71106364134349,-35.5904492228473,-4.19050238345206,-20.3027941487137,12.5174059563587,3.21613795110557,3.92037925192398,-102.64247683388,-31.8035031103417,133.124252522835,1.11663458739371,8.33922455128796,-0.604704878937541,-22.4676359690508,8.0333004984477,-112.004181212222,-1.51427930214106,10.1524740647336,-0.0233590840091657,-23.6967907618624,-2.78622351595949,59.3672274661566,-0.38118169134966,10.3851559981831,-0.662010331673345,-19.8109755877179,4.30501616128973,-57.2201934998771,0,0,0,708.842273506871,0.167192614136164,0.022765523637637
66.785,-36.4125617602585,-135.93022396058,-148.107181557429,-87.1210759833868,-158.007755162193,-226.794742548795,-8.89120225257095,113.46392245094,123.298053930101,-25.5273560576653,169.982467057956,180.956177774693,3.32067423712283,7.09366342034521,-1.33843330322169,-5.59404398014444,38.6833104402,142.780442199614,-5.00470166519189,1.18795329187786,-1.66972221223632,-38.9207314813123,-3.63854770971916,-6.81238280598702,13.3722606629506,2.82103670560376,3.60489230186411,-108.401716409041,-34.0147524964458,142.26552113123,1.08332674726771,8.18265231789759,-0.478458695904078,-22.7615542579231,7.98259042303244,-110.08692805402,-1.27510689513765,9.99784808338894,-0.0186627909380362,-23.9788628517492,-2.60684777127925,58.4140216300783,-0.428010641696168,10.2484317264393,-0.722120019601653,-18.6804208342716,5.47593117530627,-59.689530513496,0,0,0,685.991452856084,0.167715465038696,0.0224843616325847
66.79,-37.0770787534788,-132.903398643794,-145.390617024055,-87.8270147640894,-141.187756140246,-212.424241204664,-8.33611647093546,111.017156326884,121.397487444328,-24.6922381803389,167.023575464964,178.836785149179,3.26170691360777,6.92240617594611,-1.20346962052309,-4.70067462815722,42.0465390867759,139.61388414174,-4.64923032761847,0.921508837846824,-1.61819824469338,-42.2018866972812,-3.09396392990313,7.06965536892834,14.1338698534722,2.44667065874737,3.23115657838309,-112.836460652782,-35.3862098196162,151.777083739143,1.04271904766229,8.02406736792453,-0.371473599714794,-22.9779943180255,7.96848471792617,-108.103805621814,-1.05455778239164,9.8283574449061,-0.0231417249964126,-24.2050538809699,-2.36031219702652,57.3546944280598,-0.487374577602087,10.1037772260246,-0.785645278655219,-17.5489410720736,6.64180682002732,-61.9951911017956,0,0,0,663.794218390126,0.168282168029545,0.0222109854448505
66.795,-37.7258161306903,-129.747475442434,-142.64260997589,-88.4465469668244,-123.906440547122,-197.475759791375,-7.79362347413911,108.498599359369,119.343226465706,-23.8727519162585,163.897252816236,176.52515081566,3.21219625804908,6.74709542183512,-1.08024177204697,-3.8162893716056,45.274744926174,136.346085684002,-4.30570498497157,0.675523273428976,-1.55721476349592,-45.3711649394082,-2.57468127814015,21.2879198459544,14.7897453808116,2.09616797680448,2.807034603556,-116.032678370217,-36.0495245025438,161.568780999374,0.995376778289693,7.86448697054005,-0.284549486657878,-23.124540001135,7.98892354875889,-106.062260214805,-0.853678247325312,9.64597993399289,-0.0359889319493265,-24.3786093858186,-2.05449599352252,56.1915201866716,-0.55873422550551,9.95233447045716,-0.849542323245716,-16.4324824981605,7.78927967675681,-64.1109436124323,0,0,0,642.310753920593,0.168885886627718,0.0219569819389385
66.8,-38.3580698678159,-126.450747425234,-139.841432791026,-88.9776031986105,-106.211246357302,-181.97013803941,-7.26401170421429,105.922353985059,117.153378007797,-23.0696827064013,160.613841971572,174.024982953446,3.17128289804258,6.5665768090743,-0.968909793799274,-2.97435304567231,48.3095654860486,132.964948872081,-3.9767979289859,0.448330209206242,-1.48759387015115,-48.3669539219361,-2.09512844973064,35.7785261197549,15.326963395839,1.77328268852282,2.34165590676963,-118.100320710153,-36.1492114282598,171.530166490366,0.942135669365995,7.70496197140596,-0.217943130954471,-23.2095412825455,8.04241582884936,-103.97033656304,-0.673013804663417,9.45294074459679,-0.056317706529556,-24.5041750839692,-1.69668953376768,54.9273376525321,-0.641117770785399,9.79541508713454,-0.911062461847791,-15.3487217273688,8.90521134203864,-66.0122342714115,0,0,0,621.563441409815,0.169507814684488,0.0217328845981948
66.805,-38.9730952806504,-123.005082566649,-136.966182224684,-89.4183953423196,-88.1584287416645,-165.932427332689,-6.74750563080621,103.301214681417,114.845786665573,-22.2837588774123,157.18476579751,171.341207611664,3.1379186470366,6.37971374840568,-0.869276900584277,-2.20612190135175,51.0959020952309,129.458595535806,-3.66522456942953,0.238105306810086,-1.41024090436008,-51.1301841567084,-1.66659935464778,50.4686923436287,15.7325472086509,1.48219378672476,1.84504284531881,-119.168592294441,-35.8383487588476,181.533574815355,0.884087962431748,7.54656634125695,-0.171387946359255,-23.2418146207328,8.12799314850648,-101.836518342131,-0.512599613804509,9.25165709626351,-0.0832122854035199,-24.5874623193539,-1.29344831349493,53.5655205595216,-0.733171719125437,9.63448915868554,-0.967853876667396,-14.3169771273395,9.97657063736534,-67.6764082904766,0,0,0,601.577968869047,0.170123464471198,0.0215438899924782
66.81,-39.5701258113691,-119.406106143857,-133.997513367028,-89.7674636631863,-69.8136641733991,-149.39289904626,-6.24427232215997,100.646661729338,112.437722912752,-21.5156473022468,153.622315033227,168.48004957359,3.11092841214999,6.18544393131516,-0.7808180420023,-1.53993115077348,53.5827573295187,125.815663468907,-3.37375436362814,0.0429076186379379,-1.32612146334898,-53.6056491675183,-1.29774142619746,65.2765371253629,15.9938417118222,1.22727313468988,1.32773195636966,-119.38074908048,-35.2743065034501,191.437714740247,0.822560483394701,7.39039120208059,-0.144127574291227,-23.2303329451397,8.2451456730906,-99.6695603095906,-0.37197226935616,9.04468223603962,-0.115771103544634,-24.6348884366161,-0.850492654083184,52.109914390361,-0.833229808583011,9.47116968580327,-1.01803883459747,-13.3580634900636,10.9903190683619,-69.082892847832,0,0,0,582.408960633107,0.170707828937374,0.0213888950890437
66.815,-40.1483920176375,-115.653241253791,-130.918284169405,-90.0237258620698,-51.2524397767504,-132.388024438061,-5.7544277194049,97.9689205511041,109.945625054971,-20.7659503107044,149.939398308622,165.449048846406,3.08907841864059,5.98283923286394,-0.70271568480078,-1.00058066606009,55.7240074985477,122.025616552089,-3.10521500772836,-0.139272916859167,-1.23623169034146,-55.7432110125893,-0.995130608612312,80.1111231359323,16.0988628376808,1.01283624051022,0.800410643042884,-118.888593300827,-34.614574244506,201.091638398167,0.759084749363589,7.23754311501597,-0.134962014233812,-23.1839182047086,8.39374449348386,-97.478319366588,-0.249256782960548,8.83515325967019,-0.153142787646339,-24.653209444548,-0.372653690640258,50.5647412044652,-0.938381359463521,9.30753085181584,-1.06024734349291,-12.4940805360478,11.9333187144764,-70.2133492016421,0,0,0,564.143313011569,0.171242392132588,0.0212652316935245
66.82,-40.7071400607948,-111.749608631562,-127.714094115087,-90.1865268290904,-32.5601934041385,-114.9613881633,-5.27804231420155,95.2770810407566,107.384900979713,-20.0352039908214,146.149263976724,162.257014651677,3.07114987817668,5.77116635190525,-0.633901574481881,-0.608838940060046,57.4790966607717,118.079064969693,-2.86248617656945,-0.310459723090165,-1.14156293181742,-57.4988646654571,-0.76389391393137,94.8727746688495,16.0366129540926,0.842888517927172,0.273588330809461,-117.846856849151,-34.0127284315526,210.338934830673,0.695359392719113,7.08914613801505,-0.142304599210145,-23.1109496080646,8.57395441022035,-95.2715912556905,-0.138070278142619,8.62828816813976,-0.194556762102318,-24.6491621734902,0.136135335591189,48.9344758177898,-1.04123468952333,9.14717532066574,-1.09357627483494,-11.7481268842426,12.7922802179015,-71.0518023776584,0,0,0,546.890728290399,0.171718371153364,0.0211710860963628
66.825,-41.245649014802,-107.701790801223,-124.373703779238,-90.2556877046364,-13.832175109174,-97.1644964956148,-4.81514596859244,92.5792691216424,104.769793613358,-19.3238779703879,142.265204086426,158.913920889141,3.05601660117884,5.54994547045294,-0.573102952743376,-0.38108131453996,58.8136383161202,113.9680892241,-2.64847936536165,-0.472624194614298,-1.04306250380136,-58.8356388679804,-0.608337929979308,109.453688946868,15.7973604550547,0.720877872925171,-0.242681233399193,-116.407677243718,-33.6145613182974,219.022001721989,0.633205470274786,6.94634690766346,-0.164247760150991,-23.0191000942514,8.78614064590601,-93.0579587933556,-0.0331509163427077,8.42821798853516,-0.239327618848037,-24.6291321401332,0.672805024370309,47.2236980083179,-1.13604902946526,8.99315090857568,-1.11767364349335,-11.1439336611244,13.5537655096619,-71.5847575410526,0,0,0,530.775858789159,0.172139106980375,0.0211020597742602
66.83,-41.7632463614556,-103.519469330825,-120.889325521886,-90.2315527413669,4.82699265389085,-79.0574415074295,-4.36573166411306,89.8828608959584,102.113311633502,-18.6323767138338,138.300251310959,155.430748898387,3.04272427341367,5.31900432201488,-0.518891555684688,-0.329073299629241,59.699911345295,109.686559056017,-2.46610099385957,-0.627610488475681,-0.941592895798591,-59.7243158143905,-0.532541274725498,123.738851075492,15.3728881887044,0.649462774845013,-0.739014284392802,-114.715372381866,-33.5543867812858,226.986260914342,0.574515530162055,6.8103217815101,-0.19863527613389,-22.9151122137298,9.03077253122323,-90.845656501565,0.0618918115828351,8.23424625516944,-0.28685417820408,-24.598861527279,1.23507705593396,45.4369268090825,-1.22689674035424,8.84519978402454,-1.13288016811978,-10.7054155673706,14.2042557399617,-71.8013121339294,0,0,0,515.933276753763,0.172520049929806,0.0210542220754215
66.835,-42.2593210994486,-99.2149475986842,-117.256779288099,-90.1150323873627,23.3040708008714,-60.7093838877541,-3.92975802340889,87.1947281409138,99.4272245764931,-17.9610423144793,134.266879871023,151.819284926368,3.03056829327938,5.07852532966586,-0.469733738136573,-0.459903811443202,60.117238079427,105.230435895508,-2.31819691704304,-0.777051852163153,-0.837892274416566,-60.1439572523544,-0.540871019243899,137.607251504538,14.7567200562821,0.630303755691231,-1.20684184220392,-112.901710076224,-33.9515426919667,234.084198989965,0.521197616946484,6.68228490204192,-0.243138584708031,-22.8046225981494,9.30832676203638,-88.6424552433582,0.142827496405743,8.04560982101612,-0.336610186483082,-24.5632091786225,1.82135806860378,43.5784443437124,-1.31871293741756,8.70293827484701,-1.14003568403112,-10.4561414235788,14.7302901277623,-71.693272111171,0,0,0,502.499392580853,0.172884838460145,0.0210208748722014
66.84,-42.7333339752327,-94.8025751566235,-113.475511363695,-89.9076409827181,41.4782809288306,-42.1988198308543,-3.50715051029693,84.5215026222287,96.7221191078864,-17.3101587067879,130.176721538022,148.091881012311,3.01916632347488,4.82908386616517,-0.424040241722954,-0.776066673072611,60.0522346034017,100.59804539615,-2.20747785083387,-0.922281507005496,-0.732539598765468,-60.0822300090351,-0.638387628544805,150.933393201124,13.9443375824162,0.663885748464761,-1.63848617910127,-111.081845675176,-34.9071233949321,240.179132108355,0.4751156843197,6.56349591519242,-0.295334685845325,-22.6920417318224,9.61919234925189,-86.4555689890332,0.210631592219492,7.86434830562957,-0.388122100620135,-24.5259714814243,2.43060646442411,41.6521180237124,-1.41117577041765,8.56798512959457,-1.14026818351306,-10.418730480952,15.118676647396,-71.2552792822881,0,0,0,490.595988905475,0.17325864175637,0.0209917383059617
66.845,-43.184824442132,-90.2980933799566,-109.548477883117,-89.6115274840469,59.2226997343089,-23.6136015432539,-3.0978012818844,81.8698456825793,94.0075109606843,-16.6799571691391,126.040307529873,144.261189021982,3.00852114817512,4.57167614115023,-0.380214406021376,-1.27568211196974,59.4989264224168,95.7903052555353,-2.13642692000269,-1.06424266723404,-0.62592797233775,-59.5355292622275,-0.831109831278714,163.589064044678,12.9333981941589,0.749378837883377,-2.02717761107298,-109.351067399992,-36.5009962114144,245.148613095253,0.438028123270964,6.45526599684919,-0.352783170132093,-22.5804929880964,9.96357886064961,-84.2915841790732,0.26769635620979,7.69310891585383,-0.440958036739585,-24.4897696628642,3.06217894746423,39.6612311719856,-1.50279772796021,8.44243063346353,-1.13497687700562,-10.6141848345562,15.3567709768914,-70.484955027659,0,0,0,480.30879942053,0.17366039084062,0.0209603739742263
66.85,-43.6134140700918,-85.7179255920384,-105.481898853598,-89.2294977066064,76.4059554881682,-5.05068636989495,-2.70156773745074,79.2467088868046,91.2920049552231,-16.0706229364341,121.86684654112,140.339878298472,2.99906911127434,4.30773568013721,-0.336697969777256,-1.95284362252421,58.4587262770022,90.8108932216102,-2.10719246773884,-1.20340349301751,-0.518249937557929,-58.5089028183916,-1.12611963917634,175.445338838247,11.7239642898633,0.884545669047111,-2.36702703157956,-107.78244708996,-38.7891789433895,248.887417461172,0.411526272405582,6.35896081157693,-0.413099910766229,-22.4718120266639,10.3414289529205,-82.1564103816451,0.316366088287222,7.53438973502192,-0.494708520813956,-24.4560055467914,3.71566363265602,37.6083331146223,-1.5924490258727,8.32826887809961,-1.12576911653217,-11.0611720120943,15.4328161026471,-69.383063531101,0,0,0,471.673929401372,0.174097069124363,0.0209210524788981
66.855,-44.0188062608611,-81.0784381537015,-101.284892400106,-88.7650267036565,92.8942005897847,13.3844037386449,-2.31826988184683,76.659571120633,88.5834936466027,-15.4823026956338,117.664048159818,136.34034784172,2.99170942431718,4.03913778740389,-0.292013978396332,-2.79806986013697,56.9402749386575,85.6663412188985,-2.12147127201193,-1.33968343377305,-0.409498165245545,-57.0157840478046,-1.53149795965772,186.374765390926,10.3187471382314,1.06570460541002,-2.65297467174448,-106.425447216274,-41.801676845973,251.31006267683,0.396974842158604,6.27599905042765,-0.47402498449714,-22.3666048224947,10.7523354842097,-80.0552491814849,0.358850213681516,7.39052940503182,-0.548963191616364,-24.4248843893933,4.39070609682242,35.4951203120423,-1.67939318980416,8.22736598845356,-1.1143646721868,-11.7752751981476,15.3363314680196,-67.9536950597848,0,0,0,464.681055200503,0.174564381509964,0.0208766705514183
66.86,-44.4007822710115,-76.3952020301501,-96.9690028055352,-88.2222600872788,108.553323275651,31.5784228298042,-1.94768669479796,74.116637409843,85.8893835389828,-14.9151126984458,113.437999437718,132.274444071086,2.98781009187784,3.76819175340987,-0.244806642470422,-3.79883661591588,54.9591499681323,80.3660440656997,-2.18038918012145,-1.47239736815696,-0.299484307052308,-55.0775448631048,-2.05609225353611,196.253680907229,8.72336271536996,1.28775830791966,-2.88073810729417,-105.305487013306,-45.5408933258985,252.352830879049,0.395456165986839,6.20784527779348,-0.533482455849875,-22.2643599593591,11.1954627151347,-77.9925766419079,0.397151645682639,7.26370116524904,-0.603288407069797,-24.3955002176472,5.08683384297541,33.3223600082632,-1.76329046865286,8.14143152345071,-1.10250091844805,-12.7682316234869,15.0585375874344,-66.2044666739373,0,0,0,459.293777583912,0.175050510173771,0.0208251388652947
66.865,-44.759193705404,-71.6822868785512,-92.5476396731314,-87.606003332111,123.251351033671,49.4115431962809,-1.58955177005607,71.6269849484422,83.2168364877489,-14.3691471960374,109.193100481762,128.153195044051,2.98918720199038,3.4976208603909,-0.19387820122244,-4.94016077071596,52.5374513597916,74.9221752297589,-2.28438764586244,-1.6002231453554,-0.187877604004213,-52.722883201494,-2.70912880879105,204.964598853528,6.94658852287738,1.54429722702638,-3.04678192813736,-104.424425136192,-49.980735259319,251.975278646197,0.407720117752024,6.1559959821422,-0.589629819507327,-22.1636084926045,11.6694703783756,-75.9721334627237,0.433013635744189,7.15590900130065,-0.657207017085756,-24.3659763051859,5.80328349258533,31.0898670297269,-1.8441670591221,8.0719935311425,-1.09184223836175,-14.0471824877167,14.5927996315389,-64.146734245666,0,0,0,455.4752934674,0.175542267373559,0.0207593486193707
66.87,-45.0939518114958,-66.9516212182429,-88.0354491066987,-86.9216983884364,136.860988734662,66.7587912522523,-1.24354855731449,69.2006425481819,80.5730129038152,-13.8444868824428,104.93206271873,123.986571479376,2.99805586081111,3.23053044604271,-0.138222891116373,-6.20520673495539,49.7032764374856,69.3495071854242,-2.43312546650355,-1.72119665196316,-0.0742631986319068,-49.9870619675142,-3.49969275238386,212.398602833611,5.00060220741647,1.82778605368805,-3.14832752045823,-103.761876745611,-55.066528859157,250.161228192561,0.434141430709018,6.1219580015884,-0.640895200779093,-22.0621227651763,12.1724389152094,-73.9969163591253,0.467886904666377,7.06898358231617,-0.710181109904683,-24.3336511794992,6.53883386136043,28.7965426846056,-1.92235060149584,8.02037734310218,-1.08389610813012,-15.6139604103821,13.9350716822534,-61.7958062892786,0,0,0,453.207966526389,0.176029829359433,0.0206595105804048
66.875,-45.4050140724027,-62.212452181434,-83.4476410785824,-86.1753872559861,149.262226490193,83.4917589717382,-0.909305601477743,66.8485911674109,77.9653027108739,-13.3412070267772,100.655971133205,119.783284055898,3.01695296832705,2.97036441289177,-0.0770580092288423,-7.57588640849843,46.4900990789575,63.665139729252,-2.62540495134274,-1.83273655234693,0.0417819004758161,-46.911018478653,-4.43610826559873,218.457682878401,2.90117553284625,2.1298380208282,-3.18341433506302,-103.277251831172,-60.715844135289,246.919242069838,0.474686015907965,6.10721890393211,-0.686000903262978,-21.9571441304558,12.7017941079382,-72.069164428005,0.502917060945662,7.0045757647088,-0.761598147219045,-24.2952989604773,7.29164714489873,26.4404821795484,-1.9983753803897,7.98768762584694,-1.07993763027822,-17.4644426380017,13.0843222956193,-59.1711474836864,0,0,0,452.498222425143,0.176507655560989,0.0204961605542886
66.88,-45.6923687541092,-57.4709363413544,-78.7992999659432,-85.3736625243412,160.344946329119,99.4805626475847,-0.586392223618998,64.5826755718077,75.4015297370873,-12.8593849790966,96.3644095362023,115.550625241306,3.0486340971815,2.72085065378914,-0.00985183601656606,-9.033426144793,42.9360701899275,57.8881455621923,-2.85913069500107,-1.93169863992091,0.160599393324354,-43.5403653499918,-5.52525903107239,223.056950834178,0.667792099771286,2.44157680000086,-3.15101454963955,-102.912380317023,-66.8202950605723,242.282588182445,0.528887674524189,6.11320943719668,-0.723972567094404,-21.8456286643987,13.2542297396419,-70.1903354459999,0.53895048270152,6.96414580523011,-0.810760624902923,-24.2473719286912,8.05911986816529,24.0191536238248,-2.07286367898822,7.97479263788181,-1.08094383391034,-19.5879997121253,12.0429218282073,-56.296558387725,0,0,0,453.366744156605,0.176973369982915,0.0202455042765761
66.885,-45.9560181992632,-52.7298890307027,-74.1047073593474,-84.5236052578815,170.011453291617,114.596010825142,-0.274315120804774,62.4154205627242,72.8901154209959,-12.3991067498811,92.0556458429378,111.29436238931,3.09594869115907,2.48593594876143,0.063652093595,-10.5588783936506,39.0832572980278,52.0391480474011,-3.13130709873904,-2.01445759415661,0.282353000283124,-39.9243056819076,-6.77189422279031,226.126674956753,-1.67634474908751,2.75407858000468,-3.05119232264851,-102.594578434021,-73.2483397618554,236.308703866382,0.595836297972796,6.14125879752591,-0.754134010584503,-21.724499677062,13.8256277162265,-68.3610690738705,0.576555204050406,6.94894703338081,-0.85687924381571,-24.1862529996703,8.83774503210976,21.5296476433847,-2.14639241022196,7.98230921267501,-1.08753886471029,-21.9670696347667,10.816972693937,-53.2003178288901,0,0,0,455.829003312116,0.177424763221779,0.0198970339421418
66.89,-46.1959617669655,-47.9887135405032,-69.3767074348257,-83.6327109799184,178.178855592773,128.711934051142,0.0274836264794326,60.3597494568962,70.4401884629421,-11.9604723880107,87.7268723741557,107.01868708962,3.16169943958488,2.26971102822145,0.143415156367212,-12.1335612628902,34.9768412689461,46.1398508471806,-3.43807795699064,-2.07701214947388,0.406932293456497,-36.114487543281,-8.17796793736968,227.614079013359,-4.10444530394501,3.05887808873018,-2.88528835001366,-102.240009522858,-79.8490528765581,229.078167673156,0.674178252755934,6.19254413432091,-0.776088701819055,-21.590896155451,14.4109761244935,-66.5811365699367,0.616052129755957,6.96000352719747,-0.899069543026996,-24.1085061747063,9.62298691766501,18.968992083333,-2.21935610481177,8.01058682548861,-1.0999511874418,-24.5768864449504,9.41656518907506,-49.915275528471,0,0,0,459.872454831304,0.17785779119912,0.0194648891490194
66.895,-46.4121793871163,-43.2435240302022,-64.6261451960054,-82.7088048789387,184.781220196107,141.707620973659,0.319626663475007,58.428607399168,68.0616284362374,-11.5435999164033,83.3744943215533,102.726223831133,3.24849292953679,2.07632673845045,0.229089267081531,-13.7394156630333,30.6642876279921,40.2125427194306,-3.77480811386292,-2.11510846693469,0.533865735799799,-32.1638251170187,-9.74205953974273,227.484857740889,-6.58643301649582,3.34851257882522,-2.65610180629562,-101.757199717588,-86.456784319293,220.693186675899,0.762129204417966,6.2680363640142,-0.789689672719893,-21.4424071402965,15.0042867886407,-64.8493794815751,0.657551273114254,6.99808223420988,-0.936352014213348,-24.0111139616855,10.4091701491046,16.3345215485502,-2.291838275354,8.0596892837071,-1.11798400770181,-27.3853893742534,7.85594354091066,-46.4788842545525,0,0,0,465.43838650956,0.178265737803718,0.0189851222599646
66.9,-46.6046167231891,-38.4874672144813,-59.8614065550569,-81.7599477068217,189.771434423042,153.47029872158,0.602799150307573,56.6344973664038,65.7650334370986,-11.1486276279855,78.9944576834029,98.4180990085991,3.35858954990743,1.90990261369603,0.320009170304494,-15.359276359286,26.194509014051,34.2796027028159,-4.13620387340245,-2.1243765238528,0.66225165499857,-28.1253163625462,-11.4589187714304,225.724368006251,-9.0894242986357,3.61706776256435,-2.3680365995527,-101.050583260497,-92.8965597398874,211.275607459849,0.857499226735869,6.36844492952779,-0.795000480321777,-21.2772833791776,15.5985149212153,-63.1636425159635,0.700987751733281,7.06366088428693,-0.967655857862666,-23.8916921232615,11.1893848108924,13.6242870176294,-2.36350295468949,8.12937313907952,-1.14100017568002,-30.3533344015102,6.15356919767003,-42.9331626953617,0,0,0,472.412707328837,0.178639507168655,0.0185055753536449
66.905,-46.7731729131208,-33.7112379863578,-55.0880864200135,-80.7943341513169,193.12271110113,163.897590719707,0.877743861532066,54.9889422449486,63.5616046098759,-10.7757145967867,74.5826062398379,94.0940692218676,3.49376109492547,1.77442964444161,0.415192719033978,-16.9770594941759,21.6170341224649,28.3630308655373,-4.51648834768359,-2.10061678447855,0.790715387080042,-24.0508893211659,-13.3191726315835,222.338463116564,-11.578442490445,3.86054875236991,-2.02718874005409,-100.023971583155,-98.9900231585765,200.964462594578,0.957729726500478,6.4941645651064,-0.792250460755175,-21.0946192892148,16.1854844796129,-61.5207080699411,0.746152963486947,7.15689385866408,-0.991826738457211,-23.7486738241212,11.9554097228132,10.8374868888508,-2.43351686176789,8.2190628495346,-1.16792280669946,-33.4346242983674,4.33207095860228,-39.3245818979513,0,0,0,480.635413093785,0.178970086541117,0.0180695828376498
66.91,-46.9176917785109,-28.9037730780599,-50.3088066453633,-79.8201857297489,194.829684313784,172.899882438,1.14525332212009,53.5018921176541,61.4629438077441,-10.4250393184176,70.1350556738811,89.7527057339726,3.65516442126579,1.67366957193657,0.513350468090746,-18.5778743706179,16.9811973021322,22.4840275735716,-4.90962231371772,-2.04012375089504,0.917397512299155,-19.990310746223,-15.3092212257327,217.353946149035,-14.0173223829261,4.07713293891482,-1.64134192858761,-98.5838624276278,-104.561676834016,189.913073132718,1.05994148589512,6.64522735897986,-0.781787902976891,-20.8945001395791,16.7558239477439,-59.916241468592,0.792687046877416,7.27756915857312,-1.00763899577424,-23.5814571890588,12.6976565467243,7.97489794563984,-2.50054104206907,8.32781479011339,-1.19725368523879,-36.576866447137,2.41807430614438,-35.7038691781306,0,0,0,489.926366371111,0.179250151052584,0.0176986026824686
66.915,-47.0379572540831,-24.0530951143871,-45.5231998913102,-78.845640456011,194.909054747192,180.402525247249,1.40615882998448,52.1811015727774,59.4807646809374,-10.0967964593228,65.64857181882,85.3916299215961,3.84323865569111,1.61105354682407,0.612905745504619,-20.1480710754848,12.3353618956057,16.6626400892772,-5.3094031728795,-1.93921578375475,1.03997563814128,-15.9901910004717,-17.4113375391567,210.818626692053,-16.3694321309999,4.26802363399721,-1.21978629816883,-96.6425275445554,-109.445141911307,178.28574250353,1.16099293071863,6.82126341056317,-0.764034787918224,-20.6781112243813,17.2989184912109,-58.3447566029933,0.839845512159073,7.42500342803811,-1.0138123329659,-23.3905122650598,13.4051382756821,5.03928312007269,-2.5629829514324,8.45421824761963,-1.22711597273102,-39.7221600346714,0.44190523105598,-32.125723714644,0,0,0,500.124586168298,0.179477907252296,0.0173887376835458
66.92,-47.1336935957278,-19.1472683289565,-40.7280682133644,-77.8786416699505,193.399757212287,186.347810692951,1.66131636333853,51.0315066708555,57.6265220231477,-9.79119176334362,61.120939195902,81.0077926230614,4.0576318318199,1.58958338762628,0.712026001116651,-21.6752376902777,7.72618950961782,10.9174898485755,-5.70953538292999,-1.79393141887001,1.15572346792314,-12.0931175903155,-19.6039723207284,202.800973875725,-18.5984904350048,4.43795200773499,-0.77301644402469,-94.1208373934781,-113.489149355821,166.254097782887,1.25754752804294,7.02147312806959,-0.739446353806783,-20.4478074415863,17.8028856134058,-56.7996111842111,0.886827045050349,7.59812682493582,-1.00903637681928,-23.1774451918301,14.0654666865953,2.03575272382365,-2.61872051450754,8.59647384479588,-1.25529701599484,-42.8081057923927,-1.56283315825356,-28.6484377557294,0,0,0,511.125967035276,0.179658913125386,0.017110394867637
66.925,-47.2045706884543,-14.1754185453111,-35.9177167995299,-76.92682848299,190.362637392269,190.696652123823,1.91158953431923,50.0546341961857,55.9109690734033,-9.50843523607515,56.5513054537443,76.5977885160221,4.29716072718827,1.61173890813747,0.808665693923613,-23.1481614292288,3.19796665327962,5.26558770639242,-6.10392538413945,-1.6009237891757,1.26160294766594,-8.33694593320435,-21.8622511168086,193.389366983747,-20.6699046174667,4.59435092342807,-0.312417438131413,-90.9507968949702,-116.562976340944,153.993159063518,1.34614900114033,7.24461370619707,-0.708478016666139,-20.2071429829752,18.2545822417049,-55.2730391561066,0.933463743283805,7.79568161247985,-0.99200179255216,-22.945018858188,14.6648841890097,-1.02794297700185,-2.6645010386309,8.75258847666824,-1.27929766241708,-45.7690223972365,-3.55981007974357,-25.3334169672892,0,0,0,522.906107128313,0.179807369648502,0.0168181330926496
66.93,-47.2502145132674,-9.1287649626062,-31.0844541134453,-75.9974302855938,185.879639478871,193.42991760614,2.15782991560373,49.2480762568049,54.3436573827163,-9.24873280132492,51.9404869499455,72.1581950800426,4.559805459384,1.67939481119392,0.900620336621802,-24.5567673070942,-1.20800051467881,-0.277761609140605,-6.48693070590606,-1.35791061428442,1.35438461079554,-4.75426989050303,-24.1586372596351,182.690953306689,-22.5519359713777,4.74671722817092,0.150158865388505,-87.0777764950565,-118.5610691249,141.677243658203,1.42330285604298,7.48900159804962,-0.671561226381671,-19.9608617182669,18.6396512670209,-53.7562250183444,0.979618985142653,8.01602281542729,-0.961437580869947,-22.6971303876227,15.1883358217922,-4.14120944756344,-2.69667037743322,8.92018907487494,-1.2964423360379,-48.5373442402551,-5.51063886980377,-22.2445934943935,0,0,0,535.522078465421,0.179945247388788,0.0164688276835854
66.935,-47.2702225636662,-4.00161007977084,-26.2192403931279,-75.0971676826385,180.052520591231,194.54936717129,2.40085522109935,48.6050610991689,52.9323984346946,-9.01227669864911,47.2912205352056,67.6859243450872,4.84273839399981,1.79375044454085,0.985590653449693,-25.8920462313369,-5.4539133753968,-5.69897020747179,-6.85345730606877,-1.06351169477819,1.43078852749889,-1.37208648775251,-26.4637235369302,170.830131247035,-24.2165049831241,4.90630847191982,0.602915645049627,-82.4624271525614,-119.406637968257,129.4758355031,1.48556257757357,7.75253191878839,-0.629088813857402,-19.7148493475426,18.9426147717249,-52.23942118309,1.02449182461026,8.25692409658074,-0.916155877350326,-22.4387464955656,15.6195867261696,-7.29050781627113,-2.71202321908151,9.09633805277897,-1.30400637420038,-51.0451659507875,-7.37566525816333,-19.4477261700649,0,0,0,549.08941186671,0.180098720857951,0.0160271240950918
66.94,-47.2641837451015,1.20776371294621,-21.3124576919855,-74.2321620752549,173.001121476873,194.078158326748,2.64142595437421,48.1141466550157,51.6827100414988,-8.79923496487251,42.6083467553593,63.178574512864,5.14238529783169,1.955275283257,1.06125519941713,-27.1459821395648,-9.50592106167309,-10.9861021817294,-7.19906508827773,-0.717301281012168,1.48763492914796,1.78834034349088,-28.74710737909,157.94668499348,-25.639932200112,5.08543300936285,1.03461765715707,-77.0822667103194,-119.054069308267,117.549567589096,1.52961878707915,8.03271477405925,-0.581409408082146,-19.4760485791786,19.1470195742172,-50.7121054603904,1.06691374209373,8.51571465519018,-0.855100673231357,-22.1757982132416,15.941389282217,-10.4593706064721,-2.70768493464252,9.27768167836154,-1.29931968602809,-53.2258904423359,-9.11486432974426,-17.0095841358705,0,0,0,563.741326391191,0.180292278306523,0.0154752886632394
66.945,-47.2317020574102,6.49633753826202,-16.3547671002373,-73.4078558970071,164.861235649706,192.060895988724,2.88022124194468,47.7590575141366,50.5972732455293,-8.60974041315198,37.8989103441388,58.6347676831957,5.45451550016781,2.16367237697938,1.12534927954646,-28.3114853364742,-13.3344662123923,-16.1287464629075,-7.52004914165272,-0.319886190984237,1.52199639427355,4.71142241469293,-30.978300368152,144.193605243632,-26.8035058327003,5.29655502107966,1.43505364695082,-70.9329197212503,-117.490070219578,106.046473256411,1.55238964679062,8.32672758076417,-0.528829670749892,-19.252338576532,19.2356385560387,-49.163171849646,1.10559908958584,8.78940359403945,-0.777401120350674,-21.9150368312503,16.1357024614626,-13.6285398978665,-2.68106039910354,9.46060386503361,-1.27987942064371,-55.015930029226,-10.6888363554907,-14.9970129624642,0,0,0,579.575287796452,0.180542319178064,0.0148120130752476
66.95,-47.1724231600452,11.8557794729766,-11.3380129918541,-72.6289452444126,155.782130518611,188.563216113697,3.11781463886825,47.5186793846229,49.6754267738108,-8.44387958704207,33.1721652219189,54.0544593542706,5.77435706671552,2.41786124115121,1.17574761026038,-29.3823368257918,-16.9145307106304,-21.1178436557796,-7.81348570612734,0.127041656102165,1.53134318829754,7.38701169051854,-33.1276229303736,129.734638288284,-27.6938355605623,5.55132315303965,1.79542207934249,-64.0289851126376,-114.733534168719,95.0986585623142,1.55111081603071,8.63148162081028,-0.471622481286085,-19.0523798330257,19.1907288435304,-47.581144498501,1.13917114755235,9.07474082456137,-0.682428211687856,-21.6638533228591,16.183964110502,-16.7762294694087,-2.63001929410951,9.64133454388297,-1.24347203785494,-56.3564050122195,-12.0598891649955,-13.4758861633887,0,0,0,596.599448279614,0.180851530360967,0.0140571749728444
66.955,-47.0860627587179,17.2720802654852,-6.25613045959273,-71.8993263242663,145.923784029397,183.670905854767,3.3546507300639,47.3672182391721,48.9127258886302,-8.30168222008787,28.4394733908655,49.4392051452915,6.09673256049699,2.71598085883874,1.21054787343915,-30.3531463858121,-20.2257782678245,-25.9454850611783,-8.07724354674264,0.620682196965052,1.51367436757337,9.81001056298375,-35.1670389990419,114.741613030015,-28.302990765662,5.85959814534756,2.10861528751897,-56.4044983797293,-110.834188871123,84.8195319563416,1.52342328151749,8.94370039808955,-0.410038850187245,-18.8854256128412,18.9943455499536,-45.9544023688184,1.1662015028962,9.36828991415243,-0.56985150326396,-21.4300640671239,16.0674150666249,-19.8785075673589,-2.55307102187492,9.81608625778585,-1.18828995959557,-57.1947815499414,-13.1931913732393,-12.5099497439327,0,0,0,614.695267013921,0.181208109673532,0.0132438280303928
66.96,-46.9724356335823,22.7254250271437,-1.10601068547051,-71.2220567819973,135.453908453912,177.488576596891,3.59102335313934,47.2745246151313,48.3005907720321,-8.18311176953613,23.7140901103699,44.7923703818308,6.4162107812393,3.055412675437,1.22815211864125,-31.2193254899027,-23.2525935622579,-30.6047029340227,-8.30996329336831,1.15713732402868,1.4676287764592,11.9798588120036,-37.070892582946,99.3916019110962,-28.628438730103,6.22855816494004,2.36939156914602,-48.1129497875802,-105.870150834888,75.3017000376811,1.46745737631471,9.26000688319607,-0.344321260730402,-18.7611012536977,18.6287076063048,-44.2714010793634,1.18526598467822,9.66651166491023,-0.439693053017339,-21.2216664649587,15.7674723448572,-22.9097924820804,-2.44951687410725,9.98121618321637,-1.11303632709711,-57.486390994616,-14.0579763458621,-12.1595730332044,0,0,0,633.616189533462,0.181589639332847,0.0124124949681725
66.965,-46.8314840552264,28.1903156711219,4.11172017436455,-70.5993325866208,124.54483907506,170.137919302125,3.82705623944627,47.2065772612957,47.8260665150053,-8.08805761194671,19.0108315178462,40.1192688647558,6.72726985084114,3.43282278201266,1.2273428632239,-31.9770748956028,-25.9840207453504,-35.0892708455147,-8.51100859267957,1.73145696243449,1.39257166924203,13.8999322508016,-38.816517575251,83.8639769779108,-28.6728118091398,6.66195607204025,2.57443919454077,-39.2268197656336,-99.9445623288267,66.6156016209179,1.38191124495088,9.57701642923706,-0.274716326771237,-18.6891530613725,18.0766102929276,-42.5208786742768,1.19501534878484,9.9658558662327,-0.292375613503922,-21.0465690368773,15.2661471664889,-25.8434493089724,-2.31957193431769,10.1334070402667,-1.01701206618679,-57.1957764492123,-14.6287713006254,-12.4804253451963,0,0,0,653.031076933643,0.181971512743594,0.0115968075056614
66.97,-46.6633043056617,33.6359499129636,9.39205009566321,-70.0324807398829,113.37036934769,161.755583818579,4.06268681280084,47.1261146709564,47.4717125882643,-8.0163294856899,14.3456252513768,35.4272183831464,7.02446701658714,3.84422193301519,1.20735070083738,-32.6233857119475,-28.4136072719011,-39.3935319194485,-8.68039434128521,2.33772276146562,1.28865415467338,15.576889479628,-40.3847026442901,68.3374261239086,-28.4435414900953,7.15959154942177,2.72234821904486,-29.8365990373357,-93.1815219950114,58.8089103797488,1.2661218749525,9.89143200494875,-0.201485067642773,-18.6791692813714,17.321877391936,-40.6920336153923,1.19425701419445,10.2628584193039,-0.128762178849734,-20.9123017615234,14.5465022513206,-28.6524732474419,-2.16445126800604,10.2698577759555,-0.900180647908044,-56.2978191253008,-14.8866196113302,-13.522104693525,0,0,0,672.601532776352,0.182336602198223,0.0108179305114859
66.975,-46.4681700364048,39.0268538514291,14.7250950543812,-69.5219676618598,102.102615604698,152.490734806218,4.29765380320284,46.9933980804423,47.2156346388985,-7.96765473880142,9.73494937770469,30.7255023777702,7.30261043717204,4.28504163765153,1.1679102446746,-33.1560518957558,-30.5391619550816,-43.512270779932,-8.81870149895853,2.96917057606316,1.15684385231221,17.0200019602407,-41.760003544266,52.9869966679262,-27.9524034311827,7.71704586432997,2.81351409098088,-20.0492744117246,-85.721538611986,51.9066934026801,1.12012659804688,10.2001383839577,-0.124909678659024,-18.7402767165613,16.3498442574883,-38.7746658694352,1.18204258036705,10.5542408644983,0.0498157379118739,-20.8257136624868,13.593141382143,-31.3102426235569,-1.98641714805482,10.3884728227996,-0.763207674549959,-54.7786067382416,-14.8202575456096,-15.326751334834,0,0,0,692.061569321307,0.182680988866908,0.0100715465032017
66.98,-46.2465512542883,44.3237564232145,20.0958082004721,-69.0674226954299,90.9089932858057,142.502346378691,4.5314892287639,46.767085112122,47.0316658897583,-7.94167889044213,5.19516967184801,26.0252296226866,7.5569279532261,4.75022429007247,1.10930133972859,-33.5736913466189,-32.3624386770389,-47.4406423245504,-8.92698187197333,3.61834845720105,0.998926110721693,18.2404991597584,-42.9309047165358,37.9812336326419,-27.2150096417665,8.32570291329177,2.84999734999663,-9.98628062383807,-77.7167386703445,45.91227347021,0.944712735257811,10.5002920149892,-0.0452963307854871,-18.8808179342854,15.1478613724645,-36.7592752221712,1.15775475690926,10.837009210724,0.241543268989,-20.7926658542296,12.3927225665754,-33.7913234797356,-1.7887862175044,10.4880373744089,-0.607474537665012,-52.6360178942604,-14.4271997819037,-17.9276846816887,0,0,0,711.257762429759,0.183015990927392,0.00934358848935801
66.985,-45.9991278284696,49.4846851637827,25.4839074891364,-68.667675781265,79.9493828330656,131.956305160442,4.76351517508045,46.4051892633518,46.8896995990762,-7.93796994163148,0.741789762129983,21.3390868257457,7.78322750808039,5.23432513742658,1.03237276132101,-33.8757720029176,-33.8887591157883,-51.1741670005802,-9.00665513899832,4.27730377953201,0.817475798121856,19.2509553608962,-43.8898398858687,23.4794782646464,-26.2502767845864,8.97305694819402,2.83535979455159,0.219057510950085,-69.3260442332211,40.8087103520636,0.741452928020045,10.7894034491312,0.0370258259576542,-19.1080155932041,13.705806088893,-34.6371145733274,1.12118682067037,11.1085488474291,0.444122394105207,-20.8177292904264,10.934484110032,-36.0723069185073,-1.57589749090021,10.5683656366964,-0.435067597248489,-49.8800093653437,-13.7146817432942,-21.3481064924498,0,0,0,730.121685330947,0.183360276564406,0.00861232461368555
66.99,-45.7267965595406,54.4662537858441,30.8640366677617,-68.320807996716,69.3735569098669,121.022396957824,4.99284565993086,45.8660969701244,46.7561682064563,-7.9560267778763,-3.61136724896633,16.6809825622282,7.97804361679196,5.73162379014931,0.938546141785204,-34.0626385301788,-35.1265890349509,-54.7087982856515,-9.05941252683573,4.93779551189162,0.615800227727256,20.0647385458929,-44.6330870067827,9.62938845442502,-25.0799017650111,9.6432920343194,2.7744934333342,10.4245419691762,-60.7105112881758,36.5607932797374,0.512723743196685,11.065409397727,0.12170873364274,-19.4276320998163,12.0165884039352,-32.4001996713205,1.07260782580423,11.3667122133406,0.654788129568839,-20.9038972065536,9.21077073530709,-38.1326601838647,-1.35304386493345,10.6304094647124,-0.24874631793311,-46.5326065893579,-12.7004018778135,-25.5999158207715,NaN,NaN,NaN,748.580309614397,0.183730839809624,0.0078738050153877
66.995,-45.4306710419481,59.2251035183941,36.2061656645786,-68.0242133384568,59.3189316517102,109.871255435981,5.21839371615368,45.1096112444754,46.5946591465761,-7.99529189460214,-7.85302334515371,12.0655848243633,8.13876418356204,6.2362429100093,0.829798627164489,-34.1355343310715,-36.0870830528364,-58.0410637958923,-9.08713403946266,5.59152331405157,0.397854336852611,20.695535179797,-45.1605562019521,-3.4352631557435,-23.7278597312021,10.3180948720107,2.67344811303641,20.4825000036395,-52.0289845005834,33.1174239115391,0.26170537297318,11.3267317283708,0.208391450353116,-19.8436344343964,10.0766350849045,-30.0412802867038,1.01280750782995,11.6098958164208,0.870340985554765,-21.0523226220619,7.21754483211031,-39.9555724489485,-1.12637130207247,10.676316158156,-0.0518953047637636,-42.6276109407684,-11.4130044164955,-30.6826818743265,NaN,NaN,NaN,766.437260518371,0.184131472947563,0.00714759605369686
67,-45.1120737798339,63.7194524228871,41.4762272216392,-67.7746698704998,49.9086935914561,98.6713519387897,5.43888366184462,44.0979891382294,46.3666520258185,-8.05516854764833,-11.9753306092497,7.50775855506607,8.26373207531285,6.7422716238583,0.708623702405488,-34.0966127844994,-36.7836123863327,-61.1682770780774,-9.09181940426655,6.23036129905855,0.168129846231678,21.1569583138283,-45.4754904097361,-15.5964652700492,-22.2199253301056,10.977642770308,2.53925359482672,30.243462163532,-43.4341860106828,30.4142661417005,-0.00763936890371613,11.5723209734276,0.296706785218372,-20.357875421789,7.88633546254803,-27.5537809414102,0.943116070173425,11.8371031754422,1.08719533764018,-21.2620912063948,4.9548662634212,-41.528776224451,-0.902751015284346,10.7094263794091,0.151534009656243,-38.2100493735194,-9.89224372995737,-36.5828197726808,NaN,NaN,NaN,783.285230366916,0.184548620572999,0.00648138870310166
67.005,-44.7725202779934,67.9107003681671,46.6369773117264,-67.5684181647522,41.2503411495555,87.586103824617,5.65286836000167,42.7969396314486,46.0323570874897,-8.13504228759944,-15.9747479902364,3.02191370147143,8.35231618880795,7.24389106962827,0.577970662389307,-33.9489310295483,-37.2312889796144,-64.0888128224929,-9.07553703717222,6.84658549209312,-0.06847899952083,21.4622406491975,-45.5840977644572,-26.7534793588128,-20.5832155767504,11.6016992198295,2.37972706549166,39.5599976712389,-35.0693172946426,28.376544449015,-0.290608069823141,11.8016822268069,0.386287184625001,-20.9698038336128,5.45043186055617,-24.9317217436577,0.865395709323554,12.0479903263293,1.30144280868402,-21.5300392968779,2.42732304811257,-42.8453250573321,-0.689630746003788,10.7342060531632,0.35708634194053,-33.3354018900283,-8.18877597658353,-43.2730113750965,NaN,NaN,NaN,798.497210963658,0.184953830772171,0.0059355021750287
67.01,-44.41369511741,71.7650321165399,51.6490577366046,-67.4012448372253,33.4346655053203,76.7711744410233,5.85875110446066,41.1765488917181,45.5516307818165,-8.23430668126381,-19.8528787328353,-1.37872155598916,8.40494733709978,7.73549926940376,0.441164284044194,-33.6964194890628,-37.4464978883942,-66.8024340286765,-9.04039322091152,7.4330839663516,-0.306829432626276,21.6240093641259,-45.4951329014172,-36.8239579215905,-18.8457475493558,12.1707422133813,2.20325461389165,48.2905714509529,-27.0652171442302,26.9218838502498,-0.581824513484539,12.0148816526528,0.476768694347107,-21.6762163832959,2.77833789922284,-22.1696313923465,0.782002682199164,12.2428907604988,1.50892933366305,-21.8506259085036,-0.355605267379498,-43.9043076894265,-0.494871508754944,10.7561095651866,0.559865569097539,-28.0686489933329,-6.36353295927536,-50.7119090538237,NaN,NaN,NaN,811.31519156654,0.185314380888605,0.00556614047455462
67.015,-44.0374203319392,75.2549570942352,56.4722305801891,-67.2685689337793,26.5351806892212,66.37203123727,6.05481160977094,39.2121010620924,44.8849409260882,-8.35239285995474,-23.6172357382061,-5.68288379552869,8.42311519124288,8.2118322517706,0.301807318216576,-33.34382090329,-37.4464480562331,-69.3106556232566,-8.9885210857708,7.98353935934722,-0.541698969614865,21.6541358120021,-45.2194420983257,-45.7446522967437,-17.036001711203,12.6670485292197,2.018536902553,56.3032814359627,-19.5380878102797,25.9630994200462,-0.875327362003088,12.2125322464163,0.567792185081679,-22.4710648235361,-0.115631256607361,-19.2624648516288,0.695720783659864,12.422817098431,1.70534429224272,-22.2158662659291,-3.37926961425061,-44.7114781003924,-0.326575911622504,10.7813754557001,0.754595172636899,-22.4831842184328,-4.48664740231972,-58.8441546962981,NaN,NaN,NaN,821.009387838174,0.185606832857015,0.00540423419748581
67.02,-43.6456167214269,78.3607221025294,61.0667461281356,-67.165528946871,20.6079973816816,56.5218197057637,6.23923543371101,36.8847647880475,43.9943514733177,-8.48880236693601,-27.2819013962798,-9.88209131502334,8.40932381331236,8.6680780527036,0.163669405515425,-32.8965940692223,-37.2487499552995,-71.617125273804,-8.92208689415882,8.4925752813716,-0.767962778767714,21.5636507489017,-44.7694850660687,-53.4717042304397,-15.1824825961123,13.0756612681831,1.83429488941905,63.4793374845882,-12.5877767820937,25.410859531413,-1.16468111394056,12.3957580032631,0.659001508293297,-23.3453309106472,-3.21213126405498,-16.2055375105106,0.609669107434597,12.589437502611,1.88631992595718,-22.6153328287332,-6.62367603391126,-45.2797799475399,-0.192913337866966,10.8167599735199,0.935676348367151,-16.6596358305541,-2.63591821702311,-67.600739481984,NaN,NaN,NaN,827.039796275845,0.185827558422676,0.00544380221471563
67.025,-43.2402590570873,81.0715328677471,65.3947986972054,-67.0870683481176,15.692119750643,47.3396001212674,6.41014602716573,34.1821186908771,42.8444953599849,-8.6431426104803,-30.8680487087976,-13.9714695900757,8.36700504075341,9.09997998328534,0.0305668470831497,-32.3607797939256,-36.8710271947534,-73.7279988621447,-8.84330922342697,8.95586067626766,-0.980772192119288,21.3627145617779,-44.1588447601608,-59.9805268054589,-13.3132718931351,13.3851775085084,1.65893959739749,69.7161541183259,-6.29658415146323,25.1761627967584,-1.44310791343389,12.5661362849699,0.750038755612839,-24.2869809257847,-6.48677619803991,-12.9944859180336,0.527188728271885,12.7450258250516,2.04753916195389,-23.0362281157862,-10.0634285649947,-45.6297429763492,-0.101945955558269,10.869218213427,1.09724732199291,-10.6846370677469,-0.894828163290893,-76.8997221478923,NaN,NaN,NaN,829.147112496789,0.185995737351451,0.00563956988282932
67.03,-42.8233264446004,83.3865224974565,69.4220187814096,-67.028017696069,11.8101304097245,38.9289817545737,6.56563849307556,31.0984931819947,41.4035033151538,-8.81516406956386,-34.4042918167446,-17.9505570929998,8.30039109545698,9.50392545782653,-0.0937617600969104,-31.742829671523,-36.3305682716015,-75.6522855648847,-8.75448515861183,9.37016925332624,-1.17572614668385,21.0606319838339,-43.4017360594077,-65.2652911689718,-11.4555738834331,13.5883073394258,1.50021883096011,74.9299474848224,-0.728554863743865,25.1725830733723,-1.70363790557939,12.7256189390529,0.840537228620873,-25.2810097384366,-9.91025142131191,-9.62526263446682,0.451714292037126,12.8923857417231,2.18484987713313,-23.4635320162241,-13.667803468834,-45.7897282097451,-0.0614578768687643,10.9455469826081,1.23325071653975,-4.64957649480257,0.649846573701716,-86.6473144103165,NaN,NaN,NaN,827.331641826561,0.186146375084397,0.0059171784400549
67.035,-42.3967493933567,85.3154102488313,73.1189452835513,-66.9831716161164,8.96921599054357,31.377175796352,6.70381405153742,27.635111692397,39.6438569300983,-9.00479825116938,-37.9268363211388,-21.824061346417,8.21435016983244,9.87701682326898,-0.205778758881626,-31.0494019456277,-35.6440241925221,-77.4021360797486,-8.65801677088008,9.73339438098785,-1.34902711403808,20.6659018612372,-42.5125245685078,-69.338045422853,-9.63525883745155,13.6821736131144,1.36486154002167,79.0577509176674,4.07078939708806,25.3182492066653,-1.9392749370112,12.8764335929178,0.930113014053434,-26.3095820949498,-13.4485585694625,-6.09416967572688,0.386637292584791,13.0347505697543,2.29438349874668,-23.8802248312889,-17.4009643819943,-45.7959983921432,-0.0787880911849693,11.0520078625884,1.33751855755691,1.35065001912435,1.91076677627435,-96.7393316560397,NaN,NaN,NaN,821.733576218827,0.186318928471218,0.00620025372548749
67.04,-41.9623553786026,86.8788029506445,76.4624186690487,-66.9473592382449,7.16247557427076,24.7544741311789,6.82281416022907,23.8000217382831,37.5431357753243,-9.21219526607264,-41.4794029805717,-25.6025338685956,8.11419116783476,10.2171210876106,-0.302264378636923,-30.2871325572288,-34.8271576532219,-78.9930475652804,-8.55643112378081,10.0445229751574,-1.49761356171967,20.1862944528384,-41.5052679285163,-72.2275007791223,-7.87641546133316,13.6683419702977,1.25824564821763,82.0587912149182,8.07432362679361,25.5375361479139,-2.14317356284616,13.0209674798683,1.0183561756694,-27.3522759704227,-17.0633957299111,-2.3979318181361,0.335167963557833,13.1756619657329,2.3726756096694,-24.2675860916433,-21.2223236289573,-45.6925905889138,-0.160666401506678,11.1939528827818,1.40388608620799,7.2188754642607,2.8030046035482,-107.062994595917,NaN,NaN,NaN,812.477582185292,0.186540617466261,0.00642309469920654
67.045,-41.5218148583085,88.1081040589001,79.4368349972249,-66.9155070039522,6.37044685854857,19.1141469060543,6.92085323641809,19.6078152378235,35.0846309967445,-9.43775977829864,-45.1129024452401,-29.3029323008805,8.0054459470035,10.5228962173858,-0.380422688671413,-29.4623930508103,-33.8946496256202,-80.4439605726063,-8.45238785607285,10.3035745746404,-1.61926220954067,19.6289511876396,-40.3932934535332,-73.9775274802743,-6.2009279403408,13.552591249775,1.18411658611664,83.9151971269884,11.2728394696226,25.7624518519505,-2.30882264087785,13.1616371016645,1.10482254148469,-28.3864295063355,-20.7126717229924,1.46619196274017,0.30020220439019,13.318832108558,2.41678590436344,-24.6055682223032,-25.0870499215934,-45.5309693835538,-0.313050863010601,11.3754783981278,1.42634545930159,12.8568871296325,3.24714149647359,-117.499053054463,NaN,NaN,NaN,799.559531124065,0.186819132409172,0.0065541732800698
67.05,-41.0765898015851,89.0450113447684,82.0352022979856,-66.8826931002506,6.56278074032485,14.4927381321872,6.99624897548839,15.0791478140733,32.2578017133346,-9.68218399669905,-48.8848436801267,-32.9490385434067,7.89363896134366,10.7937926912239,-0.4379726144971,-28.5810498480564,-32.8599692708558,-81.777226701899,-8.34866992748442,10.511513666552,-1.71265518842566,19.0005043683659,-39.1888271350877,-74.6454089954643,-4.62809587847817,13.3444534121883,1.14438125464003,84.632040517355,13.6742475461844,25.9337105602115,-2.43023038371506,13.300747938129,1.18902696044649,-29.3875893435286,-24.3511489837139,5.50026311761997,0.284156949111789,13.4679819103328,2.42441427802886,-24.8732432706803,-28.946717288153,-45.3694421122785,-0.541007159851635,11.5991209095457,1.39924733721243,18.1666527117884,3.17235030135926,-127.924186574359,NaN,NaN,NaN,782.822502254446,0.187141746034081,0.00659347722922732
67.055,-40.6278867890085,89.7406025151482,84.2599449534905,-66.8441931307,7.69999391011642,10.9107259303925,7.0474493636678,10.2400776358626,29.0585557279638,-9.94647632012409,-52.8584646849053,-36.5717031990009,7.78405484575991,11.0300301252532,-0.473221047304922,-27.6482411012192,-31.7353127104813,-83.0184307081724,-8.24815513151105,10.6701442057232,-1.77740942886693,18.3072165214858,-37.9026895582546,-74.2999076655439,-3.17431603497496,13.0565678429891,1.13899623407489,84.2367375298323,15.3024923481834,26.0014886532023,-2.5021056852025,13.4403492182173,1.27043881566305,-30.3300541294493,-27.9312050439446,9.7054901628345,0.288542222685744,13.6265843901951,2.39400829883736,-25.0493199767832,-32.750084601577,-45.2723222743377,-0.848862933313482,11.865537855714,1.31754853085047,23.0515664127939,2.51931167556608,-138.213618699421,NaN,NaN,NaN,762.019673696993,0.187484669593117,0.00656943614871341
67.06,-40.1766166548634,90.2540268291045,86.1234087511817,-66.7955169773514,9.73523066971357,8.37350301190212,7.07305563555416,5.1212543772769,25.4893425116977,-10.2319842254554,-57.1015810663188,-40.208889061014,7.68151413672548,11.232549878274,-0.485116152592344,-26.6681876800756,-30.5316150108299,-84.1960568752201,-8.15376815051288,10.7819951158312,-1.81406786279775,17.5551404687761,-36.5440736856119,-73.0191983400276,-1.85284308028454,12.7039059359066,1.16596091064872,82.7778604755109,16.1962054985902,25.9258650954368,-2.52003084154396,13.5820894072663,1.34848055941992,-31.1875027371627,-31.4036981604277,14.0820342282197,0.313945749399359,13.7977273804654,2.32486050331624,-25.1127272100275,-36.4439898136539,-45.3088337555543,-1.23996532675366,12.1734072244437,1.1771178072167,27.4177387848231,1.24281398585511,-148.243863883539,NaN,NaN,NaN,736.913699783563,0.187824341158976,0.00651941512905108
67.065,-39.7233624645237,90.6508380680094,87.64802899239,-66.7324371326567,12.6159689389568,6.87262400403966,7.07184061949085,-0.243003212663994,21.559053939001,-10.5404100052911,-61.68515596719,-43.9054897963477,7.59016620565879,11.4029454929626,-0.473280047690412,-25.6440538187372,-29.2586375292459,-85.3409961831718,-8.0684149455747,10.8502044724677,-1.82405399950233,16.7503013172912,-35.12041763723,-70.8887286324252,-0.67364285691127,12.3029273275304,1.2214172726445,80.3234299637873,16.4071209384279,25.676955016497,-2.48062135341272,13.727078486031,1.42253004504009,-31.9336924493556,-34.718918392591,18.6288005413178,0.360600357958123,13.9841716411048,2.21719130017507,-25.0432579973767,-39.9743382934334,-45.5517567432036,-1.71588548230366,12.5196618744209,0.975099459503668,31.1753541013763,-0.68610429306274,-157.895509652082,NaN,NaN,NaN,707.365296356726,0.188149385459737,0.0064781960646263
67.07,-39.2683573709718,91.0010187104593,88.8661360792683,-66.6510090782282,16.2856108857119,6.38725956841639,7.04276213113692,-5.81569767079038,17.2827364687561,-10.8738180237032,-66.681603682473,-47.7129043804767,7.51330697465967,11.5433735845839,-0.438020981583431,-24.5778707384139,-27.9251294529499,-86.4858977642006,-7.99490291356186,10.8784082702263,-1.80959294079686,15.898900168085,-33.637382596058,-67.9990651391819,0.356653637814524,11.8707288702969,1.2998498112509,76.9587703519846,15.9982760913063,25.2347520307342,-2.38166917260837,13.8757632570539,1.49192738771581,-32.5432082773502,-37.8276016560522,23.343222226685,0.428157644902662,14.1881724143095,2.07221298081634,-24.8222658524594,-43.2871609336494,-46.0758259893376,-2.27644545065936,12.8996077511011,0.710289476196921,34.2401141665049,-3.27859041949361,-167.055923957582,NaN,NaN,NaN,673.383413097099,0.188466351735183,0.00647030395425663
67.075,-38.8114735881273,91.3767565687276,89.8193867211402,-66.5475845499005,20.6849056655043,6.88579305764477,6.98497130284147,-11.5581656590682,12.6811268709815,-11.2346322674624,-72.1628487517039,-51.6883532319529,7.45322743405121,11.6564483460674,-0.380325960938635,-23.4705334660735,-26.5390580171576,-87.6643752080136,-7.93585138062137,10.8706374494135,-1.77360290508282,15.0075363749714,-32.0989420059612,-64.4437841843916,1.23469340794553,11.4242418823059,1.39437229158975,72.7840196603013,15.0420264180872,24.5887019969513,-2.22226640763592,14.0278217926584,1.55598692077305,-32.9922409893572,-40.6819812807587,28.2210414340037,0.515122691129909,14.4111929048342,1.89217292072729,-24.4334017828755,-46.3297153729836,-46.9559030670928,-2.92011082296621,13.3070240561145,0.383503962773197,36.5347778765754,-6.52708275518217,-175.621770811766,NaN,NaN,NaN,635.142435227779,0.188800780195127,0.00650386097001121
67.08,-38.3522233680305,91.8500440194503,90.5578235224561,-66.4188187475807,25.7531604639844,8.32749373819918,6.89781596142632,-17.4310682830449,7.78003161984201,-11.6256231281734,-78.1981721422832,-55.893928337859,7.41109756460068,11.7451232168862,-0.30183538857064,-22.321877398033,-25.1078967655282,-88.9100853641758,-7.89359758992611,10.8312245068347,-1.71956193414558,14.0834408322104,-30.5075835545858,-60.3174632248942,1.96024574955788,10.9795234144787,1.49708372124546,67.9113879225924,13.6179067390358,23.7370374520206,-2.00290703385801,14.1820827366854,1.61401451295754,-33.259368579733,-43.2368496927007,33.2560908601038,0.61883273700635,14.6537995603414,1.68036936675068,-23.8633761643215,-49.0516031393281,-48.264956009956,-3.64388372061164,13.7345478562438,-0.00207262866671698,37.9907923694714,-10.4051405288098,-183.501218200961,NaN,NaN,NaN,592.985671965809,0.189196348665862,0.00657369005230457
67.085,-37.8897724834025,92.490176925678,91.1385804655367,-66.2616727153937,31.4292064374287,10.6642013196611,6.78083938088797,-23.3953161076922,2.60957718079734,-12.0498825579341,-84.8518859522152,-60.3953768891319,7.38688898878285,11.8125634827248,-0.204801684953407,-21.1308371684111,-23.6389557081391,-90.2557042506306,-7.87010338990914,10.7647188371428,-1.6513548101194,13.1347074724369,-28.8646202677691,-55.7138248791681,2.53595723760559,10.5511745844859,1.59947374396631,62.4622560335669,11.8103805688052,22.6859073268101,-1.72556451842069,14.3364745030987,1.66533013251302,-33.3263140060559,-45.4506022067497,38.4400764254581,0.735478151293298,14.915582223081,1.44113706409442,-23.1027246498609,-51.4058768735065,-50.071891656915,-4.44320403839716,14.1741524504935,-0.44060211345301,38.5499956344144,-14.8680124127291,-190.615732252636,NaN,NaN,NaN,547.422173213145,0.189711420768682,0.00666659526794078
67.09,-37.4229663042706,93.3612358261968,91.624266018598,-66.0734122248563,37.652098107402,13.8419595779445,6.63377493309646,-29.4128895582453,-2.79663579766367,-12.5107869956962,-92.1808875522329,-65.2606259402806,7.37933843965919,11.8620136401492,-0.0920340256362858,-19.8956862541537,-22.1397318635072,-91.7318312022341,-7.86686737036084,10.6758082137521,-1.57310544661969,12.1705045727525,-27.170601560974,-50.7240796074708,2.96703157662115,10.1519049587838,1.69285762688884,56.5642011830656,9.70652738064964,21.4483403222715,-1.39374346414735,14.4880085050561,1.70929517363455,-33.1786511239494,-47.2862355789987,43.7623595454213,0.860018795742621,15.1950440385895,1.17980051296053,-22.1465515356256,-53.3501148443349,-52.4392974538566,-5.31200699286043,14.6176114884832,-0.923408873098743,38.166353764655,-19.8539172132667,-196.901370848906,NaN,NaN,NaN,499.114161726713,0.19041372970652,0.00677188134913465
67.095,-36.9503681259867,94.5196356568623,92.0810687664879,-65.851604535755,44.3615378202969,17.8025421115666,6.45653733322429,-35.4475199744653,-8.4024371846376,-13.011947759937,-100.23215284825,-70.5580642082565,7.38595286474131,11.8966632738021,0.0331687505602734,-18.6143516040082,-20.618254059288,-93.3658579689753,-7.88484628680104,10.5692427336049,-1.48900021611432,11.2012424145961,-25.4258094482488,-45.4355054510622,3.26085198427083,9.7922480228157,1.76882238279473,50.3480257937221,7.39372585902377,20.0430824029766,-1.01250342083537,14.6327994310502,1.74534376399641,-32.8064308316282,-48.7122757511654,49.2097355480686,0.986103412149064,15.4894877117644,0.902591570953689,-20.9952177575962,-54.8474441752978,-55.4211595822962,-6.24283147437596,15.056926122856,-1.43892906270713,36.8076805101328,-25.2859714485871,-202.309517582037,NaN,NaN,NaN,448.848664056434,0.191370755488815,0.00689751857374254
67.1,-36.4703089688574,96.0118314259552,92.57664217854,-65.5941143842549,51.498030300074,22.4848205472886,6.24921132061099,-41.4652025226989,-14.1700112935201,-13.5571489402351,-109.040236059718,-76.3546061198166,7.40305571172796,11.9195149782267,0.167095297847884,-17.284793525123,-19.0833926702591,-95.1808434952599,-7.92438837265671,10.4497572563267,-1.40310785976151,10.2386702067322,-23.6308194767819,-39.9302941155006,3.4265662002831,9.48042028215305,1.81966760591631,43.9448556184016,4.95739751183398,18.4933496195504,-0.588452918721904,14.7661243009508,1.7730170559229,-32.2047004213356,-49.7036118231606,54.766203843624,1.10600133028964,15.7948907759955,0.616529162417736,-19.6549343529041,-55.8674987536694,-59.0606322425879,-7.22696712250194,15.4846524176228,-1.97281995793327,34.4572742245484,-31.0746654376745,-206.807031382303,NaN,NaN,NaN,397.496320182536,0.192637498367851,0.00708600486478783
67.105,-35.9809476439981,97.87226497167,93.1778350482148,-65.2991004579255,59.002785265761,27.8259345644061,6.01203872167166,-47.4345197877744,-20.0607996958532,-14.1502731888167,-118.624849716103,-82.7135723541261,7.4258728268741,11.9332575927154,0.305707664171009,-15.9054372096475,-17.5451038221601,-97.1944370712542,-7.98517975485073,10.3219889045952,-1.31920180753279,9.29587381368239,-21.7871005656986,-34.2846823076339,3.47465563430519,9.22230647599825,1.83882652242501,37.4833606640787,2.47887845053659,16.8255375003593,-0.129711546482244,14.882520631747,1.79199931571004,-31.3738909641941,-50.2422163572768,60.4127259312898,1.21056151096114,16.1057633586031,0.329259778298483,-18.1382164072734,-56.3873017156283,-63.3879378893328,-8.25461873182187,15.8940705788993,-2.508248194887,31.115399111115,-37.1207637871096,-210.375825654756,NaN,NaN,NaN,345.973519446255,0.194246444563015,0.00744643899292186
67.11,-35.4803394852829,100.121631743137,93.9483419170761,-64.9650134686401,66.8173978571485,33.7622335972995,5.7454049007779,-53.3267641788005,-26.0363437251904,-14.7952162043977,-128.988603116312,-89.6924301218109,7.44865559614758,11.9401478250576,0.444735123386744,-14.4756387379671,-16.0145790010867,-99.4178921951481,-8.06620390979586,10.1903874872484,-1.24059094116196,8.38714745648523,-19.8976230592664,-28.5683759076645,3.41651061894069,9.02154637871459,1.82125392389738,31.0871413057135,0.0334870246318423,15.0679280461597,0.354162453882458,14.975922575629,1.8021544022159,-30.3200502258738,-50.317735320927,66.1269695982989,1.28922071374998,16.4149850561454,0.0488587821905805,-16.4641480700384,-56.3920647233446,-68.4184795345641,-9.31505786065246,16.2791517998931,-3.02636545296464,26.8005346191458,-43.3184890315227,-213.011929818452,NaN,NaN,NaN,295.221599626149,0.196201260108317,0.00817537795820655
67.115,-34.9665118013893,102.76553677881,94.9463530839358,-64.5905967345737,74.8833468133482,40.2299715829719,5.44982561135534,-59.1158578845641,-32.0590304276996,-15.4957911045313,-140.114980026851,-97.3404449618385,7.46483851966231,11.9419033315859,0.579775589251025,-12.9961652305077,-14.5042752855094,-101.855210854776,-8.16571316859462,10.0591185850289,-1.16996508785071,7.52771765792361,-17.9674402626622,-22.8442626278189,3.26403318210906,8.87969498633274,1.76376771295717,24.8723125736358,-2.31114901538331,13.2494351112083,0.852281992211365,15.0398324245671,1.80356095090971,-29.0549021802559,-49.9279340434146,71.8830418784084,1.33008897337122,16.7136232215178,-0.216405631947594,-14.6584071680198,-55.8758961214837,-74.1512434796845,-10.3967261061373,16.6343023729802,-3.50696928081185,21.5503189306477,-49.5588389925295,-214.724121735548,NaN,NaN,NaN,246.196062797801,0.19847788523011,0.0095830134900412
67.12,-34.437543819302,105.793596417263,96.2222862963522,-64.1748899407763,83.1413587593103,47.1657481702127,5.12593520986322,-64.7780802982999,-38.0927104323514,-16.2556242878385,-151.966636661149,-105.696303598605,7.46722823547701,11.9396105519642,0.706404566608526,-11.4696660849645,-13.0278085796124,-104.502453271893,-8.28121087683507,9.93196124364662,-1.10926183676697,6.73330645678158,-16.0042058373067,-17.1683966998502,3.02928711306383,8.79642749123488,1.66532974962441,18.9453130090072,-4.49645008306864,11.3984285731314,1.3525815448842,15.0675234665571,1.79654429351209,-27.5957187531995,-49.0789882643708,77.6512193916473,1.32014529845268,16.9907433994252,-0.45834159454146,-12.7529994151139,-54.8424068573515,-80.56756389198,-11.487254658269,16.9538965365809,-3.92933609375721,15.4221189897575,-55.732888712425,-215.532247750227,NaN,NaN,NaN,199.84601446602,0.201031234149645,0.0121308426513176
67.125,-33.8916486813481,109.179027590871,97.8166817281237,-63.717236473679,91.530693419555,54.5067019095672,4.77447709076651,-70.2916238194067,-44.1031625638657,-17.0780447816293,-164.484098758308,-114.785774056284,7.44822091584459,11.9336510433116,0.820291635851809,-9.90110998029471,-11.5997019582882,-107.347241824139,-8.40944300978201,9.81220444999122,-1.05956156743194,6.0195330905931,-14.0185880451971,-11.590227348117,2.72421226261484,8.76976302014021,1.52724991888438,13.4009610794131,-6.47388290462148,9.54167689378984,1.84201141680746,15.0522688805644,1.78170292703141,-25.964995098631,-47.7856114866494,83.3976921950326,1.2455779943118,17.2332336413353,-0.669128636471406,-10.7856583422048,-53.3051965077661,-87.6303097241565,-12.5733722117103,17.2316459587053,-4.27320315455744,8.49316921884756,-61.7349355526073,-215.46536473457,NaN,NaN,NaN,157.07066672013,0.203803232853332,0.0165181948948137
67.13,-33.3272549281089,112.878750647943,99.7583383118659,-63.2172944286892,99.9884089980554,62.190472624656,4.39629704546694,-75.6360090599826,-50.0583877790845,-17.9659694405484,-177.584931783972,-124.61947445774,7.40004474328432,11.9236506167566,0.917324163674628,-8.29816064066072,-10.2349928885344,-110.36848032102,-8.5463988087508,9.70254851661004,-1.02101775535851,5.40116829743526,-12.0245423362225,-6.15303193023154,2.36041589796074,8.79628608995225,1.35329553334486,8.32078181121261,-8.20556986534116,7.70344599763261,2.30677868392706,14.9875902060762,1.75992728815127,-24.1899265750309,-46.0710112806782,89.0843455506616,1.0923005244747,17.4256772544957,-0.84162807622162,-8.79887890514706,-51.2881921526444,-95.2835401622987,-13.6406889047559,17.4598900641214,-4.51986621026098,0.860232415817669,-67.4653599337621,-214.559843545971,NaN,NaN,NaN,118.660453036702,0.206731001159777,0.0239107354587746
67.135,-32.7430848522562,116.834015170318,102.062763030088,-62.6750510827301,108.448669191608,70.1549609903332,3.99234004978847,-80.7913991355364,-55.9287238451442,-18.9217866947165,-191.16345083325,-135.190825445081,7.3150236610793,11.9084560845302,0.993737239772208,-6.67146338684211,-8.94871572864425,-113.536301568617,-8.68732122091475,9.60501888276353,-0.99282951917518,4.89127205488809,-10.0394065813201,-0.894505318420183,1.94904850879464,8.87135138560329,1.14968721876848,3.7716283944149,-9.66449734657758,5.9047892535823,2.73263666463226,14.8675179410227,1.73240876118706,-22.3016936766897,-43.9666679107558,94.6686121100701,0.850132571704551,17.5521723792291,-0.969668415733687,-6.83857103322089,-48.8258011560805,-103.452657999979,-14.6703589645806,17.6314522682187,-4.65326651701139,-7.36125209975443,-72.8330930267259,-212.857564808955,NaN,NaN,NaN,85.2371020985565,0.209746612460628,0.0366108953519788
67.14,-32.1382271436588,120.971541719587,104.730995628665,-62.0908403169186,116.842153162409,78.3379229246711,3.56365075282591,-85.7378593925903,-61.686781683149,-19.9472418282409,-205.091026705064,-146.474262684966,7.18585766516929,11.8861446765218,1.046247757263,-5.03481449868722,-7.75528837047246,-116.812247760633,-8.82672941991004,9.52090042214811,-0.973262806220455,4.50026253379093,-8.08378876628732,4.15254995561325,1.50076484181471,8.98926493420702,0.924963245761395,-0.195373037575563,-10.8343295092546,4.16305812382315,3.10522309325647,14.6868560229129,1.70063728340154,-20.3345703823193,-41.5119288296879,100.103433766285,0.529007729563628,17.6054135642058,-1.04823861777071,-4.95234442260824,-45.9628269518352,-112.045072273984,-15.6258068224076,17.7513334305773,-4.66089711119063,-16.0385571848364,-77.7576055404129,-210.40431654775,NaN,NaN,NaN,57.201393730478,0.212746448921408,0.0604288595038991
67.145,-31.5122013620899,125.205156313894,107.748859777418,-61.4653621809974,125.095627184342,86.6764444026716,3.11137768633224,-90.4546132988176,-67.3072140005696,-21.0433269882706,-219.217032006141,-158.423785244135,7.00591352639617,11.8540709773828,1.07218914820865,-3.40518669358505,-6.66784292555366,-120.149680250925,-8.95845725906698,9.45069996559249,-0.959725377882582,4.23497959632137,-6.18122549900569,8.95949237855081,1.02576340883476,9.14344214337287,0.689697715545773,-3.5455238800215,-11.7088530476559,2.49165524779449,3.4104447541792,14.4414413406435,1.66638659280784,-18.3248814312652,-38.7534125699426,105.337376593126,0.147099053487992,17.5821988499052,-1.07383126546394,-3.18746716837367,-42.7540872354624,-120.951363518643,-16.4644409268282,17.8295102343235,-4.53537098089882,-25.023607542235,-82.1703579268744,-207.248471025161,NaN,NaN,NaN,34.6919615184873,0.215404477484842,0.116616299017516
67.15,-30.8650119673649,129.437878944747,111.086678416199,-60.7997035234979,133.131731499645,95.1063484323626,2.63678095079115,-94.9193471080329,-72.7663362280279,-22.2101792691371,-233.370456172865,-170.971912573841,6.76951808351684,11.8089553986164,1.06964169167053,-1.8025869770467,-5.69754874358074,-123.494408268943,-9.07565926760141,9.3942346230788,-0.948898580545628,4.09781846684209,-4.35760140633515,13.5011291046358,0.533974356451403,9.32661330182056,0.456066110062008,-6.2608655104744,-12.2910967370884,0.900041142925419,3.6349032170061,14.1283890116716,1.63168701644676,-16.3098444056306,-35.7442158643305,110.314942696883,-0.301831740050234,17.4655216226437,-1.04470518491891,-1.58857686264543,-39.2636696247659,-130.046928461117,-17.1660523975508,17.8552119964592,-4.27587356719936,-34.155474623276,-86.0156813021276,-203.439978732269,NaN,NaN,NaN,0,0,0
67.155,-30.1971899037587,133.564412721366,114.699476379388,-60.0953583826494,140.869028169829,103.56158995975,2.14124287431844,-99.1076152946322,-78.0416283682919,-23.4469902748459,-247.36220114198,-184.029117321155,6.47224434368972,11.7470166390545,1.03755174607545,-0.249728125188843,-4.8529807469125,-126.785520704455,-9.1705817921067,9.35117632066781,-0.936925748000746,4.08601642356323,-2.6403342835433,17.7550792924294,0.0356904846867995,9.53131076809471,0.237263986534853,-8.34007200612555,-12.5921859209017,-0.606007541415776,3.76635263564441,13.7463139396917,1.59878659248208,-14.3263424056032,-32.5429190718898,114.977118508771,-0.832039357897048,17.2314304837181,-0.961064156474717,-0.195260865683914,-35.563764048777,-139.194067074674,-17.7185106135244,17.8059304962571,-3.88844242501819,-43.2634198568922,-89.2510895918952,-199.029675563654,NaN,NaN,NaN,0,0,0
67.16,-29.509820070893,137.47396657326,118.527677874228,-59.3542466543938,148.222345651261,111.97369620292,1.62628089538133,-102.992395787517,-83.1111537075064,-24.7519305269602,-260.988050423087,-197.483793150446,6.11117888210355,11.66414830434,0.975831982840507,1.22849760836337,-4.13958631189547,-129.956401752577,-9.23487681250149,9.32071991487964,-0.919654421484836,4.19117588476804,-1.05734816253016,21.7012622203632,-0.458611923179028,9.74971833484242,0.0467720223343144,-9.79789753041665,-12.6300052114395,-2.02390566606014,3.79417658678345,13.2955191476879,1.57010209668447,-12.409681545246,-29.2123878033421,119.262189513993,-1.44378838239995,16.8614918434006,-0.825198129263893,0.960341363362378,-31.733026562429,-148.244464472195,-18.1000801054788,17.6642478030963,-3.38606807236737,-52.1704652985985,-91.8470560323173,-194.068860279174,NaN,NaN,NaN,0,0,0
67.165,-28.8045534093082,141.053332316684,122.498290470562,-58.5787294347834,155.103443921777,120.271309241562,1.09356170120009,-106.543838836041,-87.9529360535358,-26.1220919460948,-274.032283826396,-211.202806238097,5.68515774995387,11.5561369496492,0.885433971746712,2.60574425224818,-3.55929934909428,-132.935910377769,-9.26049013711564,9.30047621314138,-0.892922543637342,4.39909990634365,0.364124797081083,25.3215475853004,-0.939272173197967,9.972993306407,-0.102493116124972,-10.6641643224035,-12.4277514461241,-3.35356721821779,3.70986695777811,12.7781415904303,1.54816205305344,-10.5923933259396,-25.8183736492873,123.106836668729,-2.1298896855651,16.340532061536,-0.641336399789782,1.85573172488274,-27.8544575278142,-157.042013526524,-18.2864261709644,17.4141910203882,-2.78862690647345,-60.6974527596629,-93.7863198428904,-188.609068823339,NaN,NaN,NaN,0,0,0
67.17,-28.0836027745013,144.190126961521,126.52655140291,-57.7716193807684,161.422010803144,128.37988457923,0.544915471377068,-109.729245964705,-92.5443409619126,-27.5534513882564,-286.271888432582,-225.032666194674,5.19495748706563,11.4189154528895,0.76838449110892,3.85512717051306,-3.11034089313229,-135.649705284329,-9.23965795718144,9.28710862969783,-0.852875102762476,4.69000031355179,1.59885414290272,28.5995901638922,-1.39697180508774,10.1918387644439,-0.199057540166682,-10.9822943134254,-12.0124623282897,-4.59656358137639,3.50748433187717,12.1982466426835,1.53554394318258,-8.90314405117003,-22.4279246546803,126.447510506766,-2.8794638726184,15.6555152118545,-0.415397654609287,2.47984387641976,-24.0128179590349,-165.425921167711,-18.2550507556403,17.0393438110307,-2.12219346125699,-68.6675296781073,-95.0628194533082,-182.701954345687,NaN,NaN,NaN,0,0,0
67.175,-27.349722253996,146.776104101193,130.517996658711,-56.9361844493126,167.086986291312,136.221593928514,-0.0176510588506932,-112.513306045655,-96.861508079697,-29.0408578594134,-297.481294231669,-238.801337037987,4.64342801338873,11.2488420571667,0.627777831113158,4.95030374325477,-2.78723194614296,-138.021700889615,-9.16469859440336,9.27734612582055,-0.796293079903482,5.03911470978219,2.6249569145278,31.5208532132484,-1.82198112476374,10.3973499467803,-0.233768140790414,-10.8074094245793,-11.4136034901807,-5.75519810776803,3.18407656486893,11.561863307423,1.53480754486515,-7.36581093287128,-19.1076270116939,129.222056621677,-3.6785748046971,14.797316149934,-0.154638588227683,2.83423312444751,-20.2916588058152,-173.23404128145,-17.9872944632242,16.5246571121672,-1.41779172174713,-75.9109721930883,-95.680373931921,-176.399179381166,NaN,NaN,NaN,0,0,0
67.18,-26.6061700820486,148.710434389197,134.37089901125,-56.0761434613232,172.00819759755,143.715472825138,-0.591944079900087,-114.858604209657,-100.878881155916,-30.5780455638405,-307.437540884822,-252.320691733567,4.03555524956111,11.0429919468519,0.467718182795333,5.86668164271427,-2.58102752197457,-139.975644621976,-9.02845179046363,9.26794784580022,-0.720911056506134,5.41773759243403,3.42519168920475,34.072806004591,-2.20447491197426,10.5811480562939,-0.200618792907877,-10.204051136,-10.6617877072765,-6.831574152518,2.74003070653904,10.8769534687408,1.54842566140289,-5.9987769124763,-15.9217133458418,131.371542919778,-4.51103422466717,13.7620854628931,0.132811535628646,2.93349228195483,-16.7700939868043,-180.306378754813,-17.4702638573005,15.8579900584692,-0.709511070074558,-82.2702235701437,-95.6512504048744,-169.75223986548,NaN,NaN,NaN,0,0,0
67.185,-25.8566558099936,149.902854411133,137.979008330012,-55.195652094049,176.098273455005,150.777844122102,-1.17557611221529,-116.726406463146,-104.568879386672,-32.1576743689672,-315.925761025641,-265.389595069027,3.37844341571348,10.7994451998148,0.293208936501749,6.58270237727808,-2.47976218819595,-141.436810199132,-8.82476565514668,9.25571142136436,-0.625698290571854,5.79463483342272,3.98810775563124,36.2452625124077,-2.53495751754296,10.7355809503697,-0.097428827314421,-9.24359680373428,-9.7876849988627,-7.82673994623146,2.17933345435601,10.1533102866838,1.57871256260958,-4.81448354352282,-12.9300893774372,132.842217290194,-5.35766722658952,12.5495978099872,0.438495328658851,2.80476850705869,-13.519501636526,-186.488710854231,-16.6962734733954,15.029245976037,-0.0319720230976911,-87.604990941762,-94.9947586338426,-162.812167412331,NaN,NaN,NaN,0,0,0
67.19,-25.1052728820947,150.276585579915,141.234516602672,-54.2992781319887,179.274792412209,157.323037272694,-1.7659646574765,-118.077709052351,-107.901748618361,-33.7713986008942,-322.74484638569,-277.797579660453,2.68121016690721,10.5175527655768,0.109989215841857,7.08113465385914,-2.46907853717103,-142.333803665506,-8.54892731855841,9.23764969666048,-0.511075653143695,6.13777276339211,4.30895892016846,38.0308125662063,-2.80466016951417,10.8540651440836,0.0737017033556806,-8.00147571560253,-8.82116230781486,-8.73999303685619,1.50971718760166,9.40238313475877,1.62774943454392,-3.81926428006461,-10.1863484320828,133.587506725216,-6.1963374825431,11.1631027085298,0.754198191173846,2.48632806193139,-10.6003803208797,-191.636272041116,-15.6630701690848,14.0308443726614,0.582236516474513,-91.7972083229068,-93.7360020936659,-155.629092417911,NaN,NaN,NaN,0,0,0
67.195,-24.3564182333305,149.77092975297,144.031161496902,-53.3919650987713,181.462606643651,163.264410941239,-2.36033729451557,-118.874527407922,-110.845623650136,-35.4099643336492,-327.713146551293,-289.329059221738,1.95479200367171,10.1981610956785,-0.0756780175664145,7.35030137709357,-2.53299269746448,-142.600477202629,-8.19811650860142,9.21115368895145,-0.379041422958452,6.41625661352526,4.39030301983344,39.4252857846094,-3.0060478308157,10.9314225406938,0.306221972235629,-6.55430903700328,-7.79066792171767,-9.56841846859658,0.742672401452638,8.63702931171028,1.69730527935504,-3.01346058188444,-7.73586042166552,133.569957730538,-7.00444250547925,9.61263481748647,1.07248928380762,2.0252059592537,-8.05960884801964,-195.617445028336,-14.3769256100537,12.8609750827401,1.10496122229013,-94.7556432194844,-91.9048874026645,-148.251690306079,NaN,NaN,NaN,0,0,0
67.2,-23.6147009542593,148.34345581396,146.267376247651,-52.478983745663,182.596270621307,168.515673264431,-2.95574422219188,-119.081385535032,-113.366823679668,-37.0633345185797,-330.67403698545,-299.768002461726,1.21166254921274,9.8437764537549,-0.257257817240651,7.38515701696542,-2.65473697481715,-142.17793870806,-7.77185553382744,9.17413427734574,-0.233182578767781,6.60234207703131,4.24222852502773,40.4281841592757,-3.13339823000978,10.9641831781795,0.589292629885055,-4.9771117063501,-6.72285091823351,-10.3067180739664,-0.106687079427576,7.87119604790458,1.7887512885769,-2.39180234533781,-5.61403624450946,132.763014699961,-7.76066299842649,7.9159956576564,1.38716948021565,1.47407630879462,-5.92835246573312,-198.317393429302,-12.8540073553139,11.5248369838328,1.51487404219762,-96.4199025617972,-89.5354527756144,-140.7265699108,NaN,NaN,NaN,0,0,0
67.205,-22.884842447696,145.971701312779,147.849390345227,-51.5658712788754,182.622493357689,172.992480421187,-3.54907899080566,-118.666953722865,-115.430392142509,-38.7208404383752,-331.501183959409,-308.902970772377,0.465471981499751,9.45865190143228,-0.428222787931844,7.18812984033792,-2.81761060140068,-141.016632116273,-7.27242046090684,9.12513764500066,-0.0785547658930928,6.67336221561796,3.88217724440409,41.0430224561201,-3.18339740601559,10.9508238008605,0.90830208513487,-3.34069857666579,-5.64238227832,-10.9473638634424,-1.01991270418021,7.11953993004109,1.90296696636118,-1.94401459874978,-3.84487757882563,131.152538447008,-8.4508888039324,6.09356162472637,1.69356762886317,0.887574418504104,-4.22082101395714,-199.641559680203,-11.1239693410132,10.0289692105244,1.79924951223047,-96.7635857356905,-86.6655257780672,-133.097690039108,NaN,NaN,NaN,0,0,0
67.21,-22.1715708222636,142.654325086626,148.69418499213,-50.6583586578859,181.502524198067,176.614280466673,-4.13710784582597,-117.605771004168,-117.000880212712,-40.37135708655,-330.103329635262,-316.532403940202,-0.269378300086446,9.04878350887184,-0.582345024233422,6.76964718972582,-3.00576671468325,-139.078444591221,-6.70517103849455,9.06343154890991,0.0785762216670402,6.61340337588303,3.33436446580603,41.2775269742828,-3.15568182781047,10.8919140404275,1.24572719679511,-1.70943005124876,-4.57192469622157,-11.4810781937339,-1.97566221372124,6.39699457475165,2.04023735713199,-1.65559649127235,-2.43992338619606,128.737980837546,-9.073305715845,4.1630939260201,1.98865529188178,0.318379497205282,-2.93401730786415,-199.518936953698,-9.23260351716185,8.3759442785712,1.95484879953291,-95.7963420868123,-83.3366677143601,-125.405902364988,NaN,NaN,NaN,0,0,0
67.215,-21.4795125193837,138.411660575712,148.732209577634,-49.7622867781817,179.214375940497,179.306356071812,-4.71650774364379,-115.879979563339,-118.043360543679,-42.0034991939058,-326.428421470529,-322.470021179318,-0.97820638126681,8.62180734350042,-0.713983384519073,6.14827245387504,-3.20486800411837,-136.338773378946,-6.0787525459407,8.9890609414043,0.23112610538335,6.41457080442733,2.62883127793894,41.1436618427306,-3.0532493843336,10.7901477059599,1.58229401590496,-0.139413577930722,-3.53218516113265,-11.8976098751575,-2.95028329579636,5.71830094388898,2.20014267433888,-1.50870836483544,-1.39769616279198,125.533151928628,-9.61761520255239,2.15669126920813,2.27095185546524,-0.186585811572256,-2.04852349032004,-197.905007419515,-7.22407118562086,6.58645041951853,1.98872941744236,-93.564620165973,-79.5943143360056,-117.688713026304,NaN,NaN,NaN,0,0,0
67.22,-20.8130843435182,133.285635173215,147.909770410604,-48.883512849253,175.754785785893,181.002007323472,-5.28391270190975,-113.480991653296,-118.524644972221,-43.6058337767092,-320.466916560973,-326.55019057009,-1.64654235440894,8.18679495257756,-0.818348780585367,5.35040009335973,-3.40255529734735,-132.788459773715,-5.40512294482165,8.90287208564201,0.371697048947284,6.07770848966308,1.80019417583351,40.6574759015367,-2.88266281619816,10.6502456818864,1.89835950532152,1.32275266402969,-2.54198020178925,-12.1867421083681,-3.91852198347262,5.09751785767348,2.38144433539536,-1.48309951078237,-0.70373192974752,121.566540803104,-10.0559792716754,0.132212264184417,2.54020922576623,-0.589475461834783,-1.53027103192616,-194.784224080976,-5.13238006906694,4.71276057601667,1.9181545714506,-90.1509470292106,-75.4879878009424,-109.980331742704,NaN,NaN,NaN,0,0,0
67.225,-20.1763891512865,127.339038446451,146.191010535862,-48.0278087752199,171.140814806774,181.644804536292,-5.83596773167268,-110.411005952687,-118.414667453256,-45.1671042965579,-312.254103970018,-328.633109186224,-2.26061673551697,7.75395193806086,-0.891731571238119,4.40947998875957,-3.58869231123565,-128.435473854715,-4.69936501942328,8.80650411848038,0.493160720228089,5.61247787571198,0.886180281258654,39.8387891249264,-2.65398127716883,10.4787282447345,2.17540450564281,2.64064673551123,-1.61824948033017,-12.3394390126892,-4.85433064773797,4.54753277893676,2.58197463276056,-1.5570135798651,-0.331248087203414,116.881177514267,-10.3708762115322,-1.84950478377939,2.79693189504227,-0.864032768979326,-1.33314128430429,-190.171902551865,-3.00133318081389,2.81080380731233,1.76819967764431,-85.6716466826373,-71.071438766139,-102.312039153501,NaN,NaN,NaN,0,0,0
67.23,-19.573118445321,120.654141192878,143.559409498957,-47.2007538226146,165.410990520738,181.190831565032,-6.36938918119922,-106.684289905101,-117.687982007608,-46.6764608292735,-301.871306542547,-328.609629448249,-2.80781880926957,7.3342312887736,-0.931678083796218,3.3647736503574,-3.75537458892953,-123.306215625671,-3.97925658275417,8.70234632781546,0.589270307947535,5.03675394988968,-0.0739506928614389,38.7107614867525,-2.38037921908876,10.2835668658667,2.39750582457403,3.78809853945371,-0.775969161067609,-12.3490164298329,-5.73174453403482,4.07959457361574,2.79854064063786,-1.70802002918824,-0.242463790860091,111.534048282059,-10.5629554783852,-3.73554194142753,3.04179242328355,-0.997047457494577,-1.40216320554179,-184.11538551426,-0.88844959338968,0.928669121296044,1.56883420967276,-80.2729936436321,-66.4025831315692,-94.7128561142983,NaN,NaN,NaN,0,0,0
67.235,-19.0064650069436,113.330687675582,140.018744260557,-46.4076242980351,158.625904916045,179.610832837899,-6.8810299192988,-102.328147620009,-116.325315497931,-48.1236900695453,-289.44584805461,-326.405565119428,-3.27710145228361,6.93887979364635,-0.937107359211335,2.25968076413483,-3.89671903688442,-117.446290344315,-3.26459228831002,8.5934587742734,0.655241702848418,4.37536026255186,-1.04099604330132,37.299404865493,-2.0774455272707,10.0737372251252,2.55264505576212,4.74871888159502,-0.0279406507483212,-12.2122130850958,-6.52579158553856,3.70289048600765,3.026856011556,-1.91373694400672,-0.390540976164746,105.595096748382,-10.6404030686939,-5.47528286952676,3.27502686315707,-0.988619452767638,-1.67702561496465,-176.694348700508,1.14547150678859,-0.885085868045357,1.35222743681888,-74.1258951459869,-61.5431248704144,-87.210450127804,NaN,NaN,NaN,0,0,0
67.24,-18.4790484837969,105.483304629429,135.593466909526,-45.6532833375925,150.868192088652,176.892172680879,-7.36794741714919,-97.3834995701673,-114.315107102257,-49.4994385782318,-275.149701737568,-321.985313328782,-3.65931399307565,6.57894150674887,-0.908363824475842,1.13971251297943,-4.00847928715055,-110.920622014264,-2.5762767801314,8.48345393852379,0.688239202751782,3.65823045022926,-1.97732100064708,35.6331061996206,-1.76219663698086,9.85870475457539,2.63371649414014,5.51497061315033,0.615540103318536,-11.9300424343899,-7.21339795882536,3.4241888430104,3.26151654580717,-2.1524307140864,-0.7220642666107,99.1458588554992,-10.6165982603269,-7.02150446462638,3.49589729854792,-0.851221025628542,-2.09561031445034,-168.020134681556,3.04001946671355,-2.58185446926711,1.1496192691808,-67.4192968977944,-56.5578007415802,-79.8321714921093,NaN,NaN,NaN,0,0,0
67.245,-17.9928565231198,97.2383921352364,130.328471159808,-44.9420742104571,142.241825426805,173.040513852534,-7.82747246990672,-91.9050105513275,-111.654960877914,-50.7954224368149,-259.196771716115,-315.354637415414,-3.94745171122402,6.26474630452961,-0.847206027843889,0.0502245973125631,-4.08755745049873,-103.81279170057,-1.93523801934934,8.37633834928214,0.687703996115056,2.91814541726615,-2.84822176460417,33.7422250251204,-1.45188012021824,9.6478804017848,2.63911775134658,6.08690628481948,1.14709680618587,-11.5083243867931,-7.77425120682619,3.24756692632746,3.49603630979801,-2.40349845993619,-1.17992937012507,92.277786845795,-10.508735283862,-8.33247064688589,3.70229159859766,-0.607679224340131,-2.59727991159444,-158.234029998981,4.73787041760887,-4.11493928143582,0.988306834194968,-60.3526045944142,-51.5132376971903,-72.606081842075,NaN,NaN,NaN,0,0,0
67.25,-17.5492036106577,88.7305824925033,124.288237563924,-44.2777207416785,132.870693755857,168.081123876755,-8.25727604977818,-85.9607159743696,-108.352935173033,-52.004616431834,-241.838799004028,-306.562469449446,-4.13681879127086,6.00541361704742,-0.75673514119262,-0.965946245874641,-4.13150052905705,-96.2235268802862,-1.36123754749784,8.27631590197298,0.655475468718506,2.18824479737901,-3.62309770059238,31.6588100962826,-1.16268332603019,9.45008678155355,2.57284386005094,6.47072005216905,1.56270754539949,-10.9578283461405,-8.19158451745326,3.17424001119338,3.72296017176813,-2.64785667684422,-1.70646726843746,85.0903191046608,-10.3361868419363,-9.37372312039679,3.8905258608406,-0.288315052390223,-3.1257133819743,-147.504441506969,6.18745744178653,-5.44153319524945,0.889132306980905,-53.1274981418755,-46.4764708039443,-65.5618253953257,NaN,NaN,NaN,0,0,0
67.255,-17.1487092455673,80.0988730181576,117.555366589743,-43.6632385480975,122.896438716311,162.059722981707,-8.65543161615435,-79.6311132753078,-104.428593128788,-53.1214160704811,-223.359927729636,-295.701611049173,-4.22510971497613,5.80840116488333,-0.64126911037765,-1.87077744541043,-4.13807600617889,-88.2683222444594,-0.871676363374972,8.18755868766379,0.595675899764699,1.49954167950898,-4.27641571139548,29.4164498038042,-0.908487895003447,9.27307338733314,2.44405597855502,6.67726890095286,1.86207875093168,-10.2940013406659,-8.45284852138272,3.20250284908388,3.93406555371549,-2.86827138103785,-2.24660054198662,77.6887481705263,-10.1187900953882,-10.1194879158074,4.05539339189996,0.0724396374277328,-3.63116081903148,-136.022977298842,7.34546279930543,-6.52465231748541,0.864745192922679,-45.9395795158007,-41.5132194721292,-58.7312007869112,NaN,NaN,NaN,0,0,0
67.26,-16.791296463698,71.4825563737133,110.228528762132,-43.1008607412371,112.475561371859,155.042796358999,-9.02047013934292,-73.0077046375722,-99.9137422989021,-54.1417661414116,-204.070014185691,-282.908236464598,-4.21242082615242,5.67912595628456,-0.506168883930304,-2.63311541492196,-4.10501319478087,-80.0742364113028,-0.480506329087345,8.11395609046397,0.51435659064592,0.878675630767924,-4.7884698424385,27.0502339155009,-0.699818923043313,9.1231145177548,2.26615416787673,6.72070772064632,2.04887135893901,-9.53630222776541,-8.55024180943606,3.32778907357501,4.12066079553927,-3.04966880442715,-2.75081288109787,70.181931123535,-9.87523835505246,-10.553656613716,4.19047484031708,0.439581541454501,-4.07207093587745,-123.999493423,8.17898549099282,-7.33493625255192,0.918817335347749,-38.9703311816295,-36.6860549906812,-52.1483185440963,NaN,NaN,NaN,0,0,0
67.265,-16.4762110300752,63.0170867246126,102.419881457178,-42.5919815707202,101.775834103469,147.117306066911,-9.35142513371898,-66.1909988752727,-94.8527985572912,-55.0632501915538,-184.296810028611,-268.360132541938,-4.10120787534624,5.62068009948572,-0.357622232447947,-3.23032670719805,-4.02997388446551,-71.7759759048051,-0.19735410603016,8.05885785032477,0.418934502447685,0.346118304980935,-5.14594885572744,24.5967662627849,-0.543123086349958,9.00471589941671,2.05544311522968,6.61735452023283,2.130701318371,-8.7072086500686,-8.48107711888525,3.54284748629323,4.27397987270666,-3.17946008085153,-3.17771628319167,62.6798772136639,-9.62174193824727,-10.67033666756,4.28869118233477,0.780863904678086,-4.41611550268367,-111.656226190905,8.66724859930016,-7.85221790670033,1.04627302914955,-32.3798646924141,-32.0526077348031,-45.8492729339839,NaN,NaN,NaN,0,0,0
67.27,-16.2020608752313,54.8300309688288,94.2520220625309,-42.1371211518738,90.9720837693658,138.389754118319,-9.64786515269599,-59.288003795455,-89.3027199217096,-55.8851361939754,-164.377200484484,-252.273645656101,-3.89620588223141,5.63365759752601,-0.202388872314733,-3.64940776731909,-3.91077914679156,-63.511439284404,-0.0269462718654217,8.02483077639939,0.317478435396106,-0.0850006850743132,-5.34232170988804,22.0941370231713,-0.440472676788993,8.92044670087884,1.82953203066744,6.38485866147335,2.1188604877533,-7.83100083238243,-8.24796673027405,3.83802744242695,4.38566366240665,-3.24789837189264,-3.49602390562497,55.2912397578943,-9.37108309915486,-10.4739913445368,4.34304832353219,1.06958532837483,-4.64068233172757,-99.2211872859391,8.80273094479472,-8.06675727828796,1.23447404369411,-26.3009055942647,-27.6639563764909,-39.8713116298998,NaN,NaN,NaN,0,0,0
67.275,-15.9668745725978,47.0372605266114,85.8545664196097,-41.7359139356807,80.2414432384564,128.984567912231,-9.90991147805421,-52.4092650715442,-83.3324695366235,-56.6083748312479,-144.647727454211,-234.899345370336,-3.6043243886967,5.71610085521343,-0.0475088924119757,-3.88745611203282,-3.7458729422166,-55.4169423998155,0.0311079296977461,8.01345097469515,0.217927549590254,-0.409347870670834,-5.37803664356707,19.5817466019739,-0.389736201530954,8.8709037445097,1.60564720506614,6.04169125275588,2.02773980933035,-6.93244947427098,-7.8588174257451,4.20165922188468,4.44830714973657,-3.24846396354753,-3.68577914775276,48.1207357651227,-9.13213827312148,-9.97920412742382,4.34749300647537,1.28658666764684,-4.73292686682488,-86.9210510386081,8.59163709955165,-7.98003577253792,1.46518484021666,-20.8343911669237,-23.5633160353319,-34.2515452434148,NaN,NaN,NaN,0,0,0
67.28,-15.7681768735323,39.7395398131425,77.3604590140593,-41.387122935698,69.7581999966057,119.041801877173,-10.1382391430021,-45.6655329896218,-77.0219835785482,-57.235548204296,-125.43467460974,-216.516457673279,-3.23452457042093,5.86356794343599,0.100023956959847,-3.95145744575407,-3.53495398237059,-47.6223740205248,-0.0178387405664238,8.02515323800743,0.127337970547008,-0.629101585898994,-5.26050820708678,17.099876386313,-0.385189282872343,8.85480503746349,1.39905118894259,5.60691976104282,1.87397915834878,-6.03553987838543,-7.32663180998581,4.6205099840255,4.4560407581759,-3.17824508955135,-3.73875009308212,41.2665198504501,-8.90988276049369,-9.21010529626131,4.29777835335426,1.42130364841223,-4.68946310519577,-74.9738063370565,8.05365821768433,-7.60502181981451,1.7170507527953,-16.0469550976889,-19.7851027265942,-29.0252934490776,NaN,NaN,NaN,0,0,0
67.285,-15.60307856569,33.0196615684797,68.9021364939283,-41.088680926414,59.6884018568477,108.714174585614,-10.3340599619216,-39.1641637839329,-70.4606389257945,-57.7707683827867,-107.044035698241,-197.426166232472,-2.79767585427099,6.06931462005469,0.233620515718548,-3.85740048105688,-3.27966347062563,-40.2465363480682,-0.163970437220897,8.0591564122548,0.0512522057259972,-0.75299519159868,-5.00384516263834,14.68892724301,-0.418473544581852,8.86920080618174,1.22175215736421,5.10017690723022,1.67541049769779,-5.16234998762561,-6.66911833798914,5.08029221134281,4.40510335076238,-3.03825422212978,-3.65796769112009,34.8175505053797,-8.70583524657296,-8.19949249577823,4.19222722296339,1.47183633287918,-4.51574531758898,-63.5814765700089,7.22102152023017,-6.96584503073988,1.96826338033044,-11.9704445150823,-16.3544050532691,-24.2242078454734,NaN,NaN,NaN,0,0,0
67.29,-15.4683772372682,26.9402656843139,60.607677932533,-40.8377588758837,50.1844101059785,98.1634881711155,-10.4990868973236,-33.0053870803409,-63.7452366469032,-58.2195270175816,-89.7517269587921,-177.943927149334,-1.1471229990697,7.00833859601961,0.258547032338757,-3.62878785142732,-2.98418683349601,-33.3929080603783,-1.21585587523189,8.30919122308004,0.0294413074155842,-0.794829962831465,-4.62825915150198,12.388292931203,-0.6230719983875,9.08611786630156,1.13431606667932,4.54169601523174,1.44989548692661,-4.33216861587968,-4.08935288181889,6.41887966901607,3.57388721837776,-2.83359726092158,-3.45645923773675,28.8510073039868,-8.15023219828945,-3.88899695968915,3.38952372166605,1.44411000874325,-4.22515556714885,-52.9232277788981,3.01690582968618,-3.38614343852067,2.16385400798577,-8.60346937281441,-13.2868491019589,-19.874338200369,NaN,NaN,NaN,0,0,0
67.295,-15.3606649565716,21.5424561393377,52.5970829333129,-40.6308607807776,41.379619021253,87.5565060573306,-10.6354798706888,-27.2785946730557,-56.9775402202652,-58.588499210162,-73.7944385161572,-158.39099006386,0.258978895128687,7.83381338437061,0.222000687556079,-3.48472857278624,-2.83966427068259,-30.1054821548049,-2.16779028604346,8.53865901474292,0.0425128280694957,-0.798260873904842,-4.41468220378284,11.2696695739558,-0.804310380994601,9.28869979820499,1.12520541060737,4.25195274866147,1.33314900706676,-3.92995721290036,-1.856425207546,7.51511959396757,2.78385546820088,-2.71496871254285,-3.32059490783468,25.9984858183481,-7.70693462089963,-0.154189789098709,2.65434827556437,1.41081736106325,-4.03089290851473,-47.8036471637844,-0.705696587059077,-0.195348752412012,2.24291116109491,-7.08751768562439,-11.8456007016871,-17.8154108032012,NaN,NaN,NaN,0,0,0
